1667098548.225209, 0
1667098548.241137, 0
1667098548.254693, 2
1667098548.267911, 0
1667098548.280662, 3
1667098548.293723, 0
1667098548.306945, 6
1667098548.319847, 6
1667098548.332907, 13
1667098548.346675, 15
1667098548.359803, 18
1667098548.372493, 19
1667098548.385445, 23
1667098548.398304, 28
1667098548.411066, 31
1667098548.423835, 35
1667098548.436860, 37
1667098548.450313, 42
1667098548.464385, 45
1667098548.477604, 47
1667098548.490703, 52
1667098548.503881, 56
1667098548.516879, 59
1667098548.529978, 63
1667098548.542811, 65
1667098548.555588, 70
1667098548.568481, 72
1667098548.581373, 78
1667098548.594230, 82
1667098548.607087, 85
1667098548.619936, 89
1667098548.632920, 92
1667098548.645995, 96
1667098548.658825, 99
1667098548.671691, 100
1667098548.684517, 99
1667098548.697366, 100
1667098548.710221, 99
1667098548.723093, 100
1667098548.736685, 100
1667098548.750446, 100
1667098548.763972, 99
1667098548.777558, 100
1667098548.791251, 100
1667098548.804784, 100
1667098548.818137, 100
1667098548.831609, 100
1667098548.845303, 100
1667098548.858718, 100
1667098548.872508, 100
1667098548.885734, 100
1667098548.899197, 100
1667098548.912421, 99
1667098548.926416, 100
1667098548.940581, 100
1667098548.954689, 100
1667098548.969691, 100
1667098548.982705, 99
1667098548.995635, 100
1667098549.008530, 100
1667098549.021441, 100
1667098549.034394, 100
1667098549.047299, 100
1667098549.060069, 100
1667098549.073045, 100
1667098549.085936, 100
1667098549.098987, 99
1667098549.112076, 100
1667098549.125220, 100
1667098549.138089, 100
1667098549.151041, 100
1667098549.163807, 100
1667098549.176525, 100
1667098549.189296, 100
1667098549.202942, 100
1667098549.216420, 100
1667098549.229942, 100
1667098549.243285, 100
1667098549.256694, 100
1667098549.270167, 100
1667098549.283704, 100
1667098549.297366, 100
1667098549.310832, 100
1667098549.324528, 100
1667098549.338145, 100
1667098549.351853, 100
1667098549.365287, 100
1667098549.378766, 100
1667098549.394260, 99
1667098549.407085, 99
1667098549.419958, 98
1667098549.434139, 99
1667098549.449739, 100
1667098549.463583, 99
1667098549.477689, 99
1667098549.491817, 100
1667098549.506154, 100
1667098549.519332, 99
1667098549.532319, 100
1667098549.545435, 100
1667098549.558290, 100
1667098549.571132, 100
1667098549.584328, 100
1667098549.597159, 100
1667098549.610187, 99
1667098549.622912, 100
1667098549.635858, 100
1667098549.648715, 99
1667098549.661559, 100
1667098549.674578, 99
1667098549.687387, 100
1667098549.700122, 100
1667098549.713159, 99
1667098549.726041, 100
1667098549.738833, 100
1667098549.751661, 98
1667098549.764666, 100
1667098549.778067, 100
1667098549.791728, 99
1667098549.805572, 98
1667098549.818859, 97
1667098549.831932, 96
1667098549.845835, 99
1667098549.859715, 98
1667098549.873393, 99
1667098549.886576, 100
1667098549.899426, 98
1667098549.912257, 98
1667098549.925132, 98
1667098549.938164, 100
1667098549.951029, 97
1667098549.963913, 93
1667098549.976857, 92
1667098549.989685, 92
1667098550.002548, 91
1667098550.015340, 92
1667098550.028123, 93
1667098550.040969, 93
1667098550.053760, 92
1667098550.066674, 92
1667098550.080015, 97
1667098550.093252, 96
1667098550.106075, 97
1667098550.118863, 96
1667098550.131680, 96
1667098550.144650, 97
1667098550.158159, 96
1667098550.171718, 97
1667098550.185394, 96
1667098550.198812, 94
1667098550.212652, 92
1667098550.226287, 92
1667098550.239600, 95
1667098550.253121, 100
1667098550.266770, 98
1667098550.280320, 98
1667098550.293886, 97
1667098550.307422, 98
1667098550.321089, 98
1667098550.334515, 98
1667098550.348064, 98
1667098550.361511, 98
1667098550.374839, 95
1667098550.388253, 92
1667098550.401601, 92
1667098550.415016, 97
1667098550.428503, 97
1667098550.441877, 96
1667098550.456129, 95
1667098550.470263, 93
1667098550.484269, 90
1667098550.497226, 89
1667098550.510912, 88
1667098550.524189, 85
1667098550.537668, 83
1667098550.550583, 82
1667098550.563383, 77
1667098550.576310, 73
1667098550.589191, 71
1667098550.602335, 71
1667098550.615179, 67
1667098550.627991, 64
1667098550.640767, 63
1667098550.653609, 64
1667098550.666380, 63
1667098550.679213, 64
1667098550.692102, 62
1667098550.704743, 64
1667098550.717357, 62
1667098550.730571, 61
1667098550.744345, 62
1667098550.758139, 62
1667098550.774688, 62
1667098550.788736, 62
1667098550.802859, 65
1667098550.816675, 61
1667098550.830329, 61
1667098550.846641, 62
1667098550.862513, 61
1667098550.876628, 63
1667098550.890270, 63
1667098550.904354, 64
1667098550.918531, 62
1667098550.932444, 61
1667098550.945866, 62
1667098550.960328, 60
1667098550.973238, 62
1667098550.986239, 63
1667098550.999705, 64
1667098551.014190, 59
1667098551.027844, 59
1667098551.041175, 61
1667098551.054188, 60
1667098551.067205, 60
1667098551.080380, 61
1667098551.095414, 63
1667098551.108325, 59
1667098551.121445, 57
1667098551.134455, 59
1667098551.147386, 59
1667098551.160912, 58
1667098551.173808, 56
1667098551.186593, 59
1667098551.199670, 57
1667098551.214296, 54
1667098551.229677, 52
1667098551.244788, 53
1667098551.259437, 54
1667098551.273168, 54
1667098551.287209, 57
1667098551.300287, 57
1667098551.313364, 54
1667098551.326851, 51
1667098551.340344, 53
1667098551.353265, 52
1667098551.366739, 54
1667098551.379684, 55
1667098551.392408, 56
1667098551.408502, 56
1667098551.424830, 52
1667098551.438334, 53
1667098551.452665, 51
1667098551.466596, 53
1667098551.480717, 53
1667098551.494528, 53
1667098551.507464, 54
1667098551.520457, 53
1667098551.533542, 50
1667098551.546878, 52
1667098551.559891, 53
1667098551.572729, 53
1667098551.585925, 54
1667098551.598911, 54
1667098551.612664, 54
1667098551.625582, 52
1667098551.638423, 51
1667098551.651337, 52
1667098551.664349, 51
1667098551.678733, 51
1667098551.693366, 52
1667098551.708868, 53
1667098551.722396, 52
1667098551.735659, 50
1667098551.748681, 51
1667098551.762122, 51
1667098551.775145, 51
1667098551.788028, 49
1667098551.801194, 51
1667098551.814113, 52
1667098551.826923, 52
1667098551.839778, 49
1667098551.852527, 52
1667098551.865599, 50
1667098551.878548, 50
1667098551.891531, 49
1667098551.904315, 50
1667098551.917464, 50
1667098551.930376, 52
1667098551.943212, 50
1667098551.956075, 48
1667098551.969109, 49
1667098551.982716, 50
1667098551.996146, 49
1667098552.009737, 50
1667098552.023199, 50
1667098552.036736, 51
1667098552.050381, 50
1667098552.063902, 49
1667098552.077290, 49
1667098552.090669, 50
1667098552.104518, 49
1667098552.117966, 50
1667098552.131658, 50
1667098552.145412, 52
1667098552.158817, 53
1667098552.172308, 50
1667098552.185917, 50
1667098552.199416, 50
1667098552.213073, 52
1667098552.226404, 51
1667098552.239975, 50
1667098552.253558, 51
1667098552.267228, 52
1667098552.280528, 50
1667098552.293918, 50
1667098552.307149, 49
1667098552.321302, 51
1667098552.335270, 50
1667098552.349150, 50
1667098552.363163, 51
1667098552.376268, 51
1667098552.389803, 50
1667098552.402864, 50
1667098552.415775, 50
1667098552.428737, 50
1667098552.441680, 51
1667098552.454643, 50
1667098552.467688, 51
1667098552.480838, 51
1667098552.493931, 51
1667098552.507124, 50
1667098552.520157, 50
1667098552.532931, 49
1667098552.545714, 51
1667098552.558504, 49
1667098552.571450, 50
1667098552.584244, 51
1667098552.597211, 51
1667098552.610189, 52
1667098552.622958, 51
1667098552.635765, 50
1667098552.648543, 49
1667098552.661938, 50
1667098552.675409, 50
1667098552.688893, 50
1667098552.702311, 51
1667098552.715603, 51
1667098552.729026, 52
1667098552.742613, 51
1667098552.756056, 49
1667098552.768980, 49
1667098552.783138, 50
1667098552.797776, 50
1667098552.812947, 50
1667098552.827347, 50
1667098552.840423, 51
1667098552.853590, 50
1667098552.866804, 50
1667098552.879930, 50
1667098552.893152, 50
1667098552.906113, 50
1667098552.919200, 50
1667098552.932314, 51
1667098552.946502, 52
1667098552.959668, 52
1667098552.972375, 51
1667098552.985065, 51
1667098552.998013, 49
1667098553.012892, 50
1667098553.027959, 49
1667098553.041170, 51
1667098553.055239, 50
1667098553.069417, 51
1667098553.083425, 52
1667098553.098078, 52
1667098553.111685, 50
1667098553.124598, 50
1667098553.137645, 51
1667098553.150634, 51
1667098553.163765, 51
1667098553.177598, 51
1667098553.190587, 51
1667098553.203577, 51
1667098553.216580, 51
1667098553.230506, 50
1667098553.243804, 49
1667098553.256686, 51
1667098553.269608, 50
1667098553.282501, 51
1667098553.296363, 50
1667098553.309832, 50
1667098553.323401, 51
1667098553.337919, 52
1667098553.351917, 50
1667098553.365995, 50
1667098553.380687, 51
1667098553.395630, 51
1667098553.410320, 52
1667098553.423296, 51
1667098553.436546, 53
1667098553.449757, 53
1667098553.463190, 53
1667098553.476293, 51
1667098553.489310, 50
1667098553.502603, 51
1667098553.515774, 50
1667098553.529215, 51
1667098553.542079, 51
1667098553.554947, 51
1667098553.567799, 52
1667098553.580845, 52
1667098553.595448, 52
1667098553.608640, 49
1667098553.622412, 49
1667098553.636163, 49
1667098553.650124, 50
1667098553.663945, 51
1667098553.678670, 50
1667098553.692640, 51
1667098553.706686, 50
1667098553.720573, 51
1667098553.734137, 49
1667098553.747292, 49
1667098553.761190, 49
1667098553.774185, 48
1667098553.787224, 50
1667098553.800097, 49
1667098553.813143, 50
1667098553.825913, 50
1667098553.838753, 50
1667098553.851619, 51
1667098553.864549, 51
1667098553.877454, 50
1667098553.890544, 49
1667098553.903452, 51
1667098553.916275, 51
1667098553.929080, 50
1667098553.942255, 51
1667098553.956054, 51
1667098553.969550, 52
1667098553.983555, 52
1667098553.997524, 51
1667098554.012885, 51
1667098554.029823, 50
1667098554.043509, 50
1667098554.057239, 50
1667098554.071268, 50
1667098554.085202, 51
1667098554.098427, 52
1667098554.111512, 52
1667098554.124525, 52
1667098554.137784, 51
1667098554.150947, 51
1667098554.163748, 51
1667098554.176666, 52
1667098554.189557, 51
1667098554.202395, 52
1667098554.215170, 52
1667098554.228546, 52
1667098554.241410, 53
1667098554.254113, 52
1667098554.267025, 52
1667098554.279887, 52
1667098554.292983, 52
1667098554.306256, 53
1667098554.320567, 52
1667098554.334968, 53
1667098554.348794, 53
1667098554.362868, 53
1667098554.376181, 52
1667098554.389308, 52
1667098554.402521, 52
1667098554.415680, 52
1667098554.428496, 51
1667098554.441378, 53
1667098554.454207, 52
1667098554.467010, 52
1667098554.480093, 53
1667098554.492894, 52
1667098554.505666, 53
1667098554.518734, 53
1667098554.531687, 54
1667098554.544674, 52
1667098554.557728, 53
1667098554.570836, 54
1667098554.583675, 52
1667098554.596507, 54
1667098554.609291, 54
1667098554.622160, 54
1667098554.635935, 54
1667098554.649489, 53
1667098554.663305, 53
1667098554.676824, 53
1667098554.690541, 53
1667098554.703779, 53
1667098554.717325, 52
1667098554.730997, 53
1667098554.744504, 54
1667098554.758050, 54
1667098554.771671, 53
1667098554.785168, 54
1667098554.798776, 54
1667098554.813090, 54
1667098554.826013, 54
1667098554.839443, 54
1667098554.852907, 53
1667098554.866492, 54
1667098554.879943, 55
1667098554.893505, 55
1667098554.906967, 54
1667098554.920670, 55
1667098554.934677, 54
1667098554.948064, 53
1667098554.961852, 53
1667098554.975450, 54
1667098554.988797, 54
1667098555.002476, 54
1667098555.015769, 55
1667098555.029130, 55
1667098555.042567, 55
1667098555.056101, 54
1667098555.070079, 55
1667098555.083189, 54
1667098555.096709, 53
1667098555.110103, 53
1667098555.123627, 53
1667098555.137335, 51
1667098555.150788, 52
1667098555.164488, 53
1667098555.178488, 53
1667098555.192734, 53
1667098555.205828, 52
1667098555.218878, 53
1667098555.231914, 53
1667098555.244727, 52
1667098555.257557, 53
1667098555.270401, 52
1667098555.283396, 53
1667098555.296268, 53
1667098555.309222, 54
1667098555.322581, 53
1667098555.335713, 53
1667098555.348908, 53
1667098555.361776, 54
1667098555.374591, 52
1667098555.387366, 53
1667098555.400140, 54
1667098555.412833, 53
1667098555.425951, 53
1667098555.439403, 53
1667098555.453275, 54
1667098555.466644, 53
1667098555.480490, 53
1667098555.493777, 53
1667098555.507243, 54
1667098555.520277, 54
1667098555.533220, 53
1667098555.546330, 53
1667098555.559150, 54
1667098555.572127, 54
1667098555.585242, 53
1667098555.598393, 53
1667098555.611370, 55
1667098555.624330, 55
1667098555.637460, 55
1667098555.650239, 54
1667098555.663072, 54
1667098555.675819, 55
1667098555.688561, 54
1667098555.701505, 54
1667098555.715499, 54
1667098555.728668, 55
1667098555.742316, 54
1667098555.755940, 55
1667098555.770207, 55
1667098555.784643, 54
1667098555.798787, 54
1667098555.813232, 55
1667098555.827229, 54
1667098555.841523, 55
1667098555.855368, 54
1667098555.869114, 55
1667098555.883172, 56
1667098555.897507, 55
1667098555.910572, 55
1667098555.923600, 55
1667098555.937080, 56
1667098555.949917, 56
1667098555.962703, 55
1667098555.975542, 55
1667098555.988466, 55
1667098556.001747, 55
1667098556.014549, 55
1667098556.027407, 55
1667098556.040390, 56
1667098556.053474, 55
1667098556.066827, 56
1667098556.079814, 55
1667098556.092846, 56
1667098556.105598, 55
1667098556.118807, 56
1667098556.131581, 55
1667098556.144370, 56
1667098556.157649, 56
1667098556.171302, 57
1667098556.184756, 56
1667098556.198215, 56
1667098556.211717, 56
1667098556.225243, 57
1667098556.238754, 56
1667098556.252097, 56
1667098556.266165, 57
1667098556.280201, 56
1667098556.294157, 57
1667098556.307077, 56
1667098556.320268, 57
1667098556.333482, 56
1667098556.346533, 56
1667098556.359422, 57
1667098556.372288, 57
1667098556.385623, 57
1667098556.398606, 56
1667098556.411628, 57
1667098556.424856, 57
1667098556.437877, 57
1667098556.450991, 56
1667098556.463884, 56
1667098556.476895, 58
1667098556.489875, 57
1667098556.502816, 58
1667098556.515877, 57
1667098556.530331, 58
1667098556.543290, 58
1667098556.556308, 57
1667098556.569239, 57
1667098556.582908, 57
1667098556.596268, 57
1667098556.609583, 58
1667098556.622495, 57
1667098556.635331, 58
1667098556.648365, 57
1667098556.661461, 58
1667098556.674335, 57
1667098556.687069, 58
1667098556.700018, 58
1667098556.712778, 58
1667098556.725767, 57
1667098556.738631, 58
1667098556.751561, 58
1667098556.764625, 57
1667098556.777687, 58
1667098556.790515, 58
1667098556.803428, 59
1667098556.816175, 59
1667098556.828908, 58
1667098556.841918, 58
1667098556.855339, 59
1667098556.869161, 59
1667098556.882843, 59
1667098556.897035, 58
1667098556.911302, 58
1667098556.924284, 59
1667098556.938221, 59
1667098556.952187, 58
1667098556.966335, 59
1667098556.980344, 59
1667098556.993614, 59
1667098557.006737, 58
1667098557.019974, 59
1667098557.033687, 59
1667098557.046974, 58
1667098557.059927, 58
1667098557.072635, 59
1667098557.085436, 60
1667098557.098648, 60
1667098557.111623, 60
1667098557.124448, 59
1667098557.137516, 60
1667098557.150650, 60
1667098557.163495, 60
1667098557.176490, 58
1667098557.189360, 60
1667098557.202304, 60
1667098557.215050, 59
1667098557.227761, 58
1667098557.240556, 60
1667098557.253834, 60
1667098557.267374, 60
1667098557.281083, 60
1667098557.294671, 60
1667098557.308214, 60
1667098557.321953, 60
1667098557.335097, 59
1667098557.348576, 60
1667098557.362165, 60
1667098557.375477, 59
1667098557.389292, 59
1667098557.402871, 61
1667098557.416621, 61
1667098557.430683, 61
1667098557.444147, 60
1667098557.457476, 61
1667098557.470880, 61
1667098557.484332, 61
1667098557.501073, 60
1667098557.514384, 61
1667098557.527369, 61
1667098557.540222, 61
1667098557.553011, 60
1667098557.566172, 61
1667098557.579074, 61
1667098557.591768, 60
1667098557.604873, 61
1667098557.617879, 61
1667098557.630844, 61
1667098557.643861, 60
1667098557.656619, 61
1667098557.669377, 60
1667098557.682147, 61
1667098557.695064, 61
1667098557.708370, 61
1667098557.721819, 62
1667098557.735752, 62
1667098557.749564, 61
1667098557.763519, 61
1667098557.777571, 62
1667098557.791659, 62
1667098557.805253, 62
1667098557.818468, 61
1667098557.831558, 62
1667098557.844679, 61
1667098557.857650, 62
1667098557.870441, 61
1667098557.883468, 62
1667098557.896441, 62
1667098557.909398, 62
1667098557.922475, 61
1667098557.935366, 61
1667098557.948207, 62
1667098557.961144, 61
1667098557.974486, 62
1667098557.987428, 61
1667098558.000189, 62
1667098558.013074, 61
1667098558.026607, 62
1667098558.040273, 62
1667098558.054093, 63
1667098558.067814, 63
1667098558.081458, 62
1667098558.095206, 62
1667098558.108631, 63
1667098558.122116, 63
1667098558.135517, 63
1667098558.149334, 62
1667098558.162784, 63
1667098558.176098, 62
1667098558.189912, 63
1667098558.203605, 62
1667098558.217073, 63
1667098558.230736, 63
1667098558.244709, 62
1667098558.258895, 62
1667098558.272788, 62
1667098558.286821, 62
1667098558.300971, 63
1667098558.315080, 62
1667098558.328140, 63
1667098558.341536, 63
1667098558.354944, 62
1667098558.367888, 62
1667098558.380743, 63
1667098558.393619, 64
1667098558.406860, 63
1667098558.419834, 64
1667098558.432744, 63
1667098558.445619, 64
1667098558.458718, 64
1667098558.471691, 64
1667098558.484620, 63
1667098558.497661, 64
1667098558.510687, 64
1667098558.523533, 64
1667098558.536428, 64
1667098558.549225, 64
1667098558.561987, 64
1667098558.574782, 63
1667098558.588286, 64
1667098558.601861, 64
1667098558.615634, 64
1667098558.629305, 63
1667098558.642685, 64
1667098558.656066, 65
1667098558.669502, 65
1667098558.682900, 65
1667098558.696350, 64
1667098558.710076, 65
1667098558.723588, 65
1667098558.737699, 64
1667098558.751721, 64
1667098558.765193, 65
1667098558.778657, 65
1667098558.791990, 65
1667098558.805559, 64
1667098558.819141, 63
1667098558.832871, 64
1667098558.846208, 64
1667098558.860358, 65
1667098558.873584, 65
1667098558.887376, 64
1667098558.900884, 65
1667098558.913969, 65
1667098558.927165, 65
1667098558.940306, 65
1667098558.953301, 65
1667098558.966198, 65
1667098558.978941, 65
1667098558.991960, 64
1667098559.004863, 65
1667098559.017793, 64
1667098559.030813, 65
1667098559.043741, 66
1667098559.056559, 66
1667098559.069470, 66
1667098559.082182, 67
1667098559.095071, 67
1667098559.107884, 67
1667098559.121870, 66
1667098559.135874, 67
1667098559.150132, 66
1667098559.163312, 67
1667098559.176420, 66
1667098559.189665, 66
1667098559.202919, 66
1667098559.215911, 67
1667098559.228922, 66
1667098559.242223, 67
1667098559.255134, 65
1667098559.267904, 66
1667098559.280993, 66
1667098559.294104, 66
1667098559.307234, 66
1667098559.320196, 66
1667098559.333309, 66
1667098559.346187, 67
1667098559.359132, 66
1667098559.371909, 66
1667098559.384699, 68
1667098559.397441, 67
1667098559.410327, 67
1667098559.424057, 68
1667098559.437724, 68
1667098559.451286, 67
1667098559.465177, 68
1667098559.478776, 68
1667098559.492505, 68
1667098559.505987, 66
1667098559.519550, 66
1667098559.533204, 67
1667098559.546787, 67
1667098559.560094, 67
1667098559.573561, 67
1667098559.586902, 67
1667098559.600258, 66
1667098559.614116, 68
1667098559.627065, 67
1667098559.641134, 68
1667098559.654634, 68
1667098559.668754, 68
1667098559.681639, 68
1667098559.694445, 68
1667098559.707253, 68
1667098559.720057, 68
1667098559.733027, 68
1667098559.745973, 69
1667098559.758864, 69
1667098559.772044, 69
1667098559.784908, 67
1667098559.797838, 67
1667098559.810689, 68
1667098559.823777, 68
1667098559.836918, 68
1667098559.849734, 68
1667098559.862550, 68
1667098559.875268, 68
1667098559.888099, 68
1667098559.904952, 69
1667098559.918311, 68
1667098559.931721, 69
1667098559.945075, 69
1667098559.959223, 69
1667098559.973207, 69
1667098559.987243, 69
1667098560.001228, 69
1667098560.014886, 69
1667098560.028145, 69
1667098560.041311, 69
1667098560.054626, 69
1667098560.067577, 67
1667098560.080890, 69
1667098560.094525, 68
1667098560.107520, 69
1667098560.120237, 68
1667098560.133011, 69
1667098560.146057, 69
1667098560.158924, 68
1667098560.171708, 67
1667098560.184745, 70
1667098560.197861, 70
1667098560.210681, 69
1667098560.223572, 70
1667098560.236362, 69
1667098560.249422, 70
1667098560.262987, 71
1667098560.276418, 70
1667098560.289908, 69
1667098560.303674, 70
1667098560.317335, 71
1667098560.330974, 70
1667098560.344601, 69
1667098560.359197, 69
1667098560.373176, 70
1667098560.386457, 70
1667098560.400013, 69
1667098560.413612, 68
1667098560.427015, 70
1667098560.440649, 69
1667098560.453645, 69
1667098560.469595, 71
1667098560.483274, 70
1667098560.497154, 70
1667098560.510378, 71
1667098560.523457, 70
1667098560.536435, 71
1667098560.549600, 71
1667098560.562785, 71
1667098560.575548, 70
1667098560.588428, 71
1667098560.601280, 70
1667098560.614184, 71
1667098560.627041, 71
1667098560.639917, 69
1667098560.652688, 71
1667098560.665442, 69
1667098560.678358, 70
1667098560.691869, 69
1667098560.704638, 70
1667098560.717741, 69
1667098560.730529, 69
1667098560.743321, 70
1667098560.757476, 71
1667098560.771379, 71
1667098560.785432, 70
1667098560.799054, 72
1667098560.812719, 72
1667098560.826480, 72
1667098560.840201, 72
1667098560.854049, 72
1667098560.867847, 71
1667098560.882412, 71
1667098560.896159, 72
1667098560.909633, 72
1667098560.923152, 70
1667098560.936522, 71
1667098560.950145, 71
1667098560.963471, 70
1667098560.978387, 71
1667098560.991927, 71
1667098561.006290, 71
1667098561.020040, 70
1667098561.034174, 72
1667098561.047295, 72
1667098561.060597, 73
1667098561.073504, 73
1667098561.086462, 73
1667098561.099235, 72
1667098561.112267, 72
1667098561.125365, 71
1667098561.138255, 73
1667098561.151048, 72
1667098561.164058, 72
1667098561.177302, 72
1667098561.190355, 73
1667098561.203364, 71
1667098561.216292, 72
1667098561.229005, 71
1667098561.241947, 72
1667098561.255356, 72
1667098561.268642, 71
1667098561.282426, 72
1667098561.295887, 72
1667098561.309608, 72
1667098561.323339, 73
1667098561.336245, 73
1667098561.350324, 73
1667098561.364364, 73
1667098561.378032, 73
1667098561.391073, 73
1667098561.403941, 74
1667098561.416829, 73
1667098561.429576, 73
1667098561.442739, 73
1667098561.455548, 74
1667098561.468322, 73
1667098561.481430, 73
1667098561.494261, 72
1667098561.507246, 72
1667098561.520279, 71
1667098561.533293, 72
1667098561.546537, 73
1667098561.559561, 73
1667098561.572606, 73
1667098561.585546, 72
1667098561.598451, 73
1667098561.611279, 74
1667098561.624359, 74
1667098561.637999, 73
1667098561.651089, 74
1667098561.665103, 73
1667098561.679090, 73
1667098561.693184, 73
1667098561.707232, 74
1667098561.720369, 74
1667098561.733398, 75
1667098561.746433, 74
1667098561.759631, 74
1667098561.772476, 73
1667098561.785281, 74
1667098561.798174, 73
1667098561.810950, 73
1667098561.823877, 74
1667098561.836764, 73
1667098561.849830, 74
1667098561.862639, 73
1667098561.875531, 73
1667098561.888607, 72
1667098561.902045, 73
1667098561.915045, 74
1667098561.927880, 75
1667098561.941084, 75
1667098561.955133, 75
1667098561.968927, 74
1667098561.983185, 75
1667098561.997330, 74
1667098562.010563, 74
1667098562.023774, 75
1667098562.036937, 75
1667098562.049924, 74
1667098562.062861, 75
1667098562.075704, 75
1667098562.088626, 74
1667098562.101503, 74
1667098562.114318, 75
1667098562.127166, 75
1667098562.140193, 74
1667098562.154689, 75
1667098562.168778, 75
1667098562.182912, 75
1667098562.196014, 74
1667098562.209076, 76
1667098562.222007, 77
1667098562.234971, 76
1667098562.247897, 76
1667098562.260926, 75
1667098562.274074, 75
1667098562.287126, 75
1667098562.300359, 76
1667098562.313103, 75
1667098562.326068, 76
1667098562.339130, 76
1667098562.352041, 76
1667098562.364861, 75
1667098562.377600, 75
1667098562.390544, 74
1667098562.404399, 74
1667098562.418270, 74
1667098562.432056, 75
1667098562.445462, 74
1667098562.458875, 74
1667098562.472316, 75
1667098562.486014, 75
1667098562.499610, 77
1667098562.512449, 76
1667098562.526672, 76
1667098562.540573, 75
1667098562.554698, 76
1667098562.567960, 76
1667098562.581026, 76
1667098562.594376, 77
1667098562.607477, 77
1667098562.620423, 76
1667098562.633411, 76
1667098562.646393, 76
1667098562.659224, 76
1667098562.672005, 77
1667098562.685013, 74
1667098562.697865, 76
1667098562.711020, 75
1667098562.724040, 76
1667098562.736717, 75
1667098562.749517, 75
1667098562.762536, 76
1667098562.775392, 75
1667098562.788280, 76
1667098562.801073, 76
1667098562.814069, 77
1667098562.826950, 77
1667098562.840046, 76
1667098562.854350, 77
1667098562.867807, 77
1667098562.881302, 78
1667098562.894682, 77
1667098562.908357, 77
1667098562.921906, 77
1667098562.935577, 77
1667098562.949517, 77
1667098562.962727, 77
1667098562.976123, 76
1667098562.989929, 77
1667098563.003584, 77
1667098563.017090, 76
1667098563.030635, 77
1667098563.044579, 77
1667098563.058149, 76
1667098563.071911, 76
1667098563.085550, 77
1667098563.099352, 78
1667098563.112747, 77
1667098563.125545, 78
1667098563.139784, 78
1667098563.153831, 78
1667098563.167032, 77
1667098563.180274, 78
1667098563.193813, 78
1667098563.206990, 77
1667098563.219771, 77
1667098563.232527, 77
1667098563.245435, 78
1667098563.258442, 78
1667098563.271192, 77
1667098563.284116, 77
1667098563.297086, 76
1667098563.309994, 78
1667098563.322832, 78
1667098563.336653, 77
1667098563.350079, 77
1667098563.363598, 78
1667098563.377015, 77
1667098563.390559, 76
1667098563.404027, 78
1667098563.417718, 79
1667098563.431960, 78
1667098563.446896, 78
1667098563.461236, 78
1667098563.475478, 79
1667098563.488734, 78
1667098563.501942, 79
1667098563.514839, 78
1667098563.527637, 79
1667098563.540505, 78
1667098563.553783, 79
1667098563.566947, 79
1667098563.579978, 78
1667098563.593000, 77
1667098563.606223, 77
1667098563.619073, 78
1667098563.632122, 78
1667098563.645163, 78
1667098563.658308, 78
1667098563.671062, 77
1667098563.683929, 79
1667098563.696664, 79
1667098563.709461, 79
1667098563.723183, 79
1667098563.736556, 80
1667098563.750040, 80
1667098563.763387, 79
1667098563.776956, 78
1667098563.790583, 80
1667098563.804409, 80
1667098563.818023, 79
1667098563.831737, 78
1667098563.844932, 80
1667098563.858695, 80
1667098563.872919, 79
1667098563.886865, 79
1667098563.900021, 79
1667098563.913313, 78
1667098563.926387, 78
1667098563.939431, 79
1667098563.952266, 79
1667098563.965432, 78
1667098563.978348, 78
1667098563.991260, 79
1667098564.004259, 79
1667098564.017470, 79
1667098564.030332, 80
1667098564.043124, 78
1667098564.055999, 80
1667098564.068946, 80
1667098564.081799, 80
1667098564.094520, 81
1667098564.107290, 80
1667098564.120390, 81
1667098564.134032, 81
1667098564.147446, 80
1667098564.160931, 80
1667098564.174647, 81
1667098564.188470, 81
1667098564.201981, 79
1667098564.215451, 78
1667098564.229236, 80
1667098564.242307, 80
1667098564.256121, 79
1667098564.270088, 79
1667098564.284126, 80
1667098564.297410, 80
1667098564.310520, 80
1667098564.323426, 81
1667098564.336495, 80
1667098564.350332, 80
1667098564.363474, 81
1667098564.376554, 81
1667098564.389538, 80
1667098564.402386, 81
1667098564.415199, 80
1667098564.428179, 81
1667098564.441053, 81
1667098564.453987, 80
1667098564.466773, 80
1667098564.479538, 81
1667098564.492622, 81
1667098564.506510, 81
1667098564.520257, 81
1667098564.533716, 80
1667098564.547112, 80
1667098564.560844, 81
1667098564.574432, 80
1667098564.587927, 80
1667098564.601748, 81
1667098564.615132, 81
1667098564.629017, 81
1667098564.643539, 80
1667098564.657726, 82
1667098564.671772, 82
1667098564.686191, 81
1667098564.700301, 82
1667098564.714426, 82
1667098564.728705, 82
1667098564.743064, 81
1667098564.756109, 81
1667098564.769343, 82
1667098564.782790, 82
1667098564.795772, 81
1667098564.808596, 80
1667098564.821396, 81
1667098564.834416, 81
1667098564.847494, 80
1667098564.860413, 80
1667098564.873179, 80
1667098564.885915, 81
1667098564.899146, 82
1667098564.912176, 81
1667098564.924975, 82
1667098564.938250, 83
1667098564.951094, 83
1667098564.963884, 82
1667098564.976993, 83
1667098564.990217, 82
1667098565.004302, 83
1667098565.017799, 83
1667098565.031840, 83
1667098565.045994, 82
1667098565.058954, 83
1667098565.072634, 83
1667098565.086122, 83
1667098565.099495, 82
1667098565.113093, 83
1667098565.126461, 81
1667098565.140214, 82
1667098565.153785, 82
1667098565.167315, 82
1667098565.180629, 81
1667098565.194119, 81
1667098565.207694, 82
1667098565.221148, 81
1667098565.234547, 81
1667098565.247982, 83
1667098565.261513, 82
1667098565.274431, 83
1667098565.288474, 82
1667098565.302523, 82
1667098565.316670, 84
1667098565.329909, 84
1667098565.343019, 83
1667098565.355963, 82
1667098565.368779, 84
1667098565.381599, 84
1667098565.394721, 83
1667098565.407870, 82
1667098565.420991, 84
1667098565.434055, 84
1667098565.447276, 83
1667098565.460338, 81
1667098565.473246, 83
1667098565.486171, 83
1667098565.499113, 82
1667098565.511917, 82
1667098565.524690, 82
1667098565.537559, 84
1667098565.550375, 83
1667098565.564044, 85
1667098565.576869, 83
1667098565.589755, 84
1667098565.605241, 83
1667098565.619033, 83
1667098565.632895, 84
1667098565.645861, 84
1667098565.660120, 83
1667098565.673190, 83
1667098565.686102, 84
1667098565.698957, 84
1667098565.711941, 84
1667098565.724900, 83
1667098565.737969, 85
1667098565.751004, 82
1667098565.764032, 83
1667098565.777017, 83
1667098565.790088, 82
1667098565.802837, 84
1667098565.815852, 84
1667098565.828569, 83
1667098565.841572, 83
1667098565.854341, 83
1667098565.867124, 84
1667098565.880345, 85
1667098565.894197, 84
1667098565.908500, 85
1667098565.922706, 85
1667098565.937111, 84
1667098565.950585, 83
1667098565.963637, 85
1667098565.976761, 85
1667098565.989813, 84
1667098566.002981, 84
1667098566.015864, 85
1667098566.028853, 85
1667098566.042004, 85
1667098566.054978, 84
1667098566.067985, 85
1667098566.080968, 85
1667098566.094206, 84
1667098566.107197, 84
1667098566.120007, 84
1667098566.133135, 84
1667098566.146158, 83
1667098566.158939, 84
1667098566.171678, 84
1667098566.184459, 84
1667098566.199030, 86
1667098566.212770, 85
1667098566.226473, 86
1667098566.240675, 85
1667098566.253936, 86
1667098566.267039, 85
1667098566.280281, 85
1667098566.293639, 84
1667098566.306498, 85
1667098566.319355, 85
1667098566.332367, 84
1667098566.345331, 86
1667098566.358147, 86
1667098566.371084, 86
1667098566.383974, 85
1667098566.397078, 84
1667098566.409835, 85
1667098566.422888, 85
1667098566.435774, 84
1667098566.448794, 84
1667098566.461854, 85
1667098566.474736, 85
1667098566.487552, 84
1667098566.500845, 85
1667098566.514314, 86
1667098566.527220, 86
1667098566.541085, 85
1667098566.554307, 86
1667098566.567326, 85
1667098566.580333, 86
1667098566.593688, 85
1667098566.606959, 87
1667098566.619739, 87
1667098566.632478, 87
1667098566.645308, 86
1667098566.658154, 86
1667098566.671020, 87
1667098566.683879, 86
1667098566.696663, 87
1667098566.709481, 86
1667098566.722855, 86
1667098566.736478, 86
1667098566.749820, 85
1667098566.763489, 85
1667098566.776852, 86
1667098566.790564, 86
1667098566.804008, 85
1667098566.817714, 85
1667098566.831198, 87
1667098566.844391, 86
1667098566.858381, 86
1667098566.872483, 86
1667098566.885486, 87
1667098566.898556, 87
1667098566.911591, 86
1667098566.924617, 87
1667098566.937347, 86
1667098566.950253, 87
1667098566.963361, 87
1667098566.976303, 87
1667098566.989181, 86
1667098567.002144, 86
1667098567.015031, 87
1667098567.027913, 86
1667098567.040811, 86
1667098567.053899, 86
1667098567.066896, 87
1667098567.079928, 87
1667098567.092665, 86
1667098567.105493, 86
1667098567.118900, 87
1667098567.132345, 87
1667098567.145909, 86
1667098567.159560, 87
1667098567.173289, 88
1667098567.186196, 88
1667098567.200007, 87
1667098567.213874, 88
1667098567.228117, 88
1667098567.242784, 88
1667098567.256110, 87
1667098567.269296, 88
1667098567.282347, 88
1667098567.295468, 88
1667098567.308669, 88
1667098567.321661, 87
1667098567.334511, 88
1667098567.347346, 88
1667098567.360441, 88
1667098567.373539, 87
1667098567.386688, 87
1667098567.399639, 86
1667098567.412571, 87
1667098567.425338, 86
1667098567.438091, 87
1667098567.450928, 87
1667098567.463859, 86
1667098567.476779, 87
1667098567.490049, 88
1667098567.503025, 88
1667098567.516862, 88
1667098567.530016, 88
1667098567.543551, 89
1667098567.557394, 89
1667098567.571026, 88
1667098567.584776, 88
1667098567.598634, 89
1667098567.612233, 88
1667098567.626210, 88
1667098567.639760, 88
1667098567.653229, 89
1667098567.666513, 89
1667098567.680150, 88
1667098567.694006, 87
1667098567.707960, 88
1667098567.724367, 87
1667098567.737497, 87
1667098567.750459, 88
1667098567.763323, 88
1667098567.776484, 88
1667098567.789301, 88
1667098567.802318, 88
1667098567.815467, 89
1667098567.828563, 89
1667098567.841302, 89
1667098567.854069, 89
1667098567.866797, 88
1667098567.881140, 89
1667098567.902340, 88
1667098567.915985, 89
1667098567.930165, 90
1667098567.944391, 89
1667098567.958480, 89
1667098567.971580, 90
1667098567.985021, 89
1667098567.998075, 90
1667098568.010880, 89
1667098568.023702, 89
1667098568.036544, 89
1667098568.049502, 88
1667098568.062494, 88
1667098568.075386, 88
1667098568.088364, 89
1667098568.101578, 88
1667098568.114506, 89
1667098568.127475, 88
1667098568.140569, 90
1667098568.153419, 90
1667098568.169243, 90
1667098568.182130, 90
1667098568.195030, 90
1667098568.207980, 89
1667098568.220789, 90
1667098568.233640, 90
1667098568.246439, 90
1667098568.259192, 90
1667098568.272505, 90
1667098568.286044, 90
1667098568.299003, 89
1667098568.312814, 90
1667098568.326772, 90
1667098568.340844, 90
1667098568.354218, 88
1667098568.367250, 89
1667098568.380296, 90
1667098568.393344, 89
1667098568.406667, 89
1667098568.419474, 90
1667098568.432348, 90
1667098568.445678, 89
1667098568.458417, 89
1667098568.471186, 90
1667098568.484110, 91
1667098568.497219, 91
1667098568.510281, 90
1667098568.523230, 90
1667098568.536033, 90
1667098568.549049, 90
1667098568.562512, 91
1667098568.575441, 91
1667098568.588349, 91
1667098568.601083, 91
1667098568.613911, 91
1667098568.627348, 91
1667098568.641139, 90
1667098568.654776, 91
1667098568.668485, 91
1667098568.682073, 90
1667098568.695578, 90
1667098568.709809, 89
1667098568.723527, 90
1667098568.737491, 89
1667098568.751437, 90
1667098568.765664, 90
1667098568.779922, 90
1667098568.792934, 89
1667098568.806127, 91
1667098568.819072, 91
1667098568.832111, 91
1667098568.845273, 91
1667098568.858102, 92
1667098568.870963, 92
1667098568.883898, 91
1667098568.897028, 92
1667098568.909905, 92
1667098568.923020, 92
1667098568.936098, 91
1667098568.949087, 91
1667098568.962000, 91
1667098568.974819, 92
1667098568.987475, 92
1667098569.000309, 91
1667098569.013936, 91
1667098569.028116, 91
1667098569.042657, 90
1667098569.056861, 90
1667098569.070149, 90
1667098569.083396, 91
1667098569.096744, 91
1667098569.110109, 92
1667098569.122927, 90
1667098569.135771, 92
1667098569.148763, 92
1667098569.161808, 92
1667098569.174790, 91
1667098569.187628, 92
1667098569.200536, 92
1667098569.213410, 92
1667098569.226299, 92
1667098569.239236, 92
1667098569.252962, 92
1667098569.266486, 92
1667098569.279868, 92
1667098569.293692, 93
1667098569.307196, 92
1667098569.320854, 92
1667098569.334554, 93
1667098569.348122, 93
1667098569.361885, 91
1667098569.375271, 91
1667098569.388770, 92
1667098569.402262, 91
1667098569.415604, 92
1667098569.429233, 92
1667098569.442604, 92
1667098569.456185, 92
1667098569.469105, 92
1667098569.483088, 93
1667098569.497222, 93
1667098569.511277, 92
1667098569.524328, 93
1667098569.537466, 93
1667098569.550616, 93
1667098569.563635, 92
1667098569.576730, 93
1667098569.589610, 93
1667098569.602674, 93
1667098569.615669, 92
1667098569.628537, 93
1667098569.641591, 94
1667098569.654655, 93
1667098569.667529, 93
1667098569.680266, 92
1667098569.693299, 92
1667098569.706108, 92
1667098569.718969, 92
1667098569.731763, 92
1667098569.744531, 92
1667098569.757351, 92
1667098569.770773, 92
1667098569.784539, 93
1667098569.798268, 93
1667098569.811942, 93
1667098569.825571, 94
1667098569.838510, 94
1667098569.853092, 94
1667098569.867058, 93
1667098569.880970, 94
1667098569.895070, 94
1667098569.908180, 94
1667098569.921304, 93
1667098569.934548, 94
1667098569.947526, 93
1667098569.960455, 94
1667098569.973243, 93
1667098569.986171, 94
1667098569.999077, 94
1667098570.012047, 94
1667098570.024799, 95
1667098570.037603, 93
1667098570.050516, 93
1667098570.063359, 93
1667098570.076279, 93
1667098570.089070, 94
1667098570.101979, 93
1667098570.115522, 93
1667098570.128548, 94
1667098570.141853, 93
1667098570.154749, 93
1667098570.168752, 94
1667098570.182595, 95
1667098570.196879, 94
1667098570.210273, 93
1667098570.223338, 94
1667098570.239280, 94
1667098570.252429, 95
1667098570.265248, 94
1667098570.278100, 95
1667098570.291073, 95
1667098570.304093, 94
1667098570.317066, 94
1667098570.329914, 95
1667098570.342797, 95
1667098570.355668, 95
1667098570.369472, 94
1667098570.383644, 94
1667098570.397968, 94
1667098570.412437, 93
1667098570.425766, 93
1667098570.438819, 94
1667098570.451929, 94
1667098570.465158, 94
1667098570.478246, 93
1667098570.491198, 95
1667098570.504219, 95
1667098570.517258, 95
1667098570.530221, 94
1667098570.543072, 95
1667098570.555961, 95
1667098570.568728, 96
1667098570.581870, 96
1667098570.594572, 95
1667098570.608032, 95
1667098570.621225, 95
1667098570.634252, 96
1667098570.647069, 95
1667098570.659919, 95
1667098570.672633, 95
1667098570.685967, 95
1667098570.699435, 95
1667098570.712901, 95
1667098570.729155, 95
1667098570.742009, 95
1667098570.755653, 95
1667098570.769292, 94
1667098570.782925, 96
1667098570.796441, 95
1667098570.810137, 95
1667098570.823720, 95
1667098570.836682, 96
1667098570.850847, 96
1667098570.864969, 96
1667098570.878161, 96
1667098570.891183, 95
1667098570.904204, 95
1667098570.917614, 96
1667098570.930610, 96
1667098570.943404, 95
1667098570.956194, 97
1667098570.969174, 95
1667098570.982027, 96
1667098570.994942, 96
1667098571.007655, 95
1667098571.020314, 95
1667098571.033115, 96
1667098571.046498, 95
1667098571.059295, 95
1667098571.072325, 96
1667098571.085195, 95
1667098571.098006, 96
1667098571.110840, 96
1667098571.124216, 96
1667098571.137665, 95
1667098571.151075, 94
1667098571.164897, 96
1667098571.178338, 97
1667098571.192064, 97
1667098571.206219, 97
1667098571.220539, 96
1667098571.233586, 97
1667098571.246620, 97
1667098571.259816, 97
1667098571.272908, 96
1667098571.285719, 97
1667098571.299028, 97
1667098571.311885, 95
1667098571.324693, 97
1667098571.337586, 97
1667098571.350309, 97
1667098571.363140, 97
1667098571.376021, 97
1667098571.389164, 96
1667098571.402173, 95
1667098571.414995, 96
1667098571.428235, 96
1667098571.441163, 96
1667098571.454448, 96
1667098571.467849, 96
1667098571.481601, 96
1667098571.495837, 96
1667098571.508668, 96
1667098571.524306, 97
1667098571.537755, 98
1667098571.552853, 97
1667098571.567346, 97
1667098571.580823, 96
1667098571.594040, 98
1667098571.607057, 97
1667098571.620188, 97
1667098571.633191, 97
1667098571.646431, 97
1667098571.659281, 98
1667098571.672290, 98
1667098571.685315, 98
1667098571.698430, 98
1667098571.711296, 98
1667098571.724098, 97
1667098571.736862, 97
1667098571.749701, 97
1667098571.762856, 97
1667098571.776050, 96
1667098571.789351, 97
1667098571.802446, 97
1667098571.815301, 97
1667098571.828271, 96
1667098571.841098, 97
1667098571.853832, 97
1667098571.866658, 98
1667098571.879514, 99
1667098571.893379, 98
1667098571.907459, 97
1667098571.920497, 99
1667098571.933531, 98
1667098571.946953, 98
1667098571.960018, 97
1667098571.972930, 99
1667098571.985883, 99
1667098571.998960, 98
1667098572.011913, 97
1667098572.024764, 97
1667098572.037628, 99
1667098572.050743, 98
1667098572.063608, 98
1667098572.076341, 97
1667098572.089292, 99
1667098572.102177, 97
1667098572.114962, 96
1667098572.127772, 97
1667098572.140542, 97
1667098572.153331, 96
1667098572.166401, 98
1667098572.179962, 98
1667098572.193811, 98
1667098572.207429, 97
1667098572.222310, 99
1667098572.236048, 99
1667098572.249771, 99
1667098572.263661, 99
1667098572.277648, 99
1667098572.291838, 98
1667098572.304915, 99
1667098572.318070, 98
1667098572.331076, 98
1667098572.344730, 99
1667098572.357825, 99
1667098572.370742, 98
1667098572.383521, 98
1667098572.396291, 98
1667098572.408986, 99
1667098572.421991, 100
1667098572.435102, 99
1667098572.448079, 98
1667098572.460907, 99
1667098572.474457, 99
1667098572.487565, 99
1667098572.500269, 97
1667098572.513120, 98
1667098572.525852, 99
1667098572.538627, 98
1667098572.551969, 98
1667098572.565753, 99
1667098572.578615, 99
1667098572.591842, 100
1667098572.604717, 99
1667098572.617733, 99
1667098572.631019, 99
1667098572.644031, 100
1667098572.656869, 99
1667098572.669826, 100
1667098572.682917, 100
1667098572.695735, 100
1667098572.708496, 99
1667098572.721455, 100
1667098572.734687, 100
1667098572.747538, 99
1667098572.760328, 100
1667098572.773168, 100
1667098572.785923, 100
1667098572.798842, 98
1667098572.812418, 98
1667098572.825955, 99
1667098572.839481, 99
1667098572.853141, 98
1667098572.866801, 98
1667098572.879874, 99
1667098572.893507, 99
1667098572.906696, 99
1667098572.920095, 99
1667098572.933406, 99
1667098572.947818, 100
1667098572.962049, 100
1667098572.976222, 99
1667098572.990651, 99
1667098573.004570, 99
1667098573.018142, 100
1667098573.031564, 100
1667098573.045636, 99
1667098573.058858, 99
1667098573.072551, 100
1667098573.086092, 100
1667098573.099678, 99
1667098573.113352, 100
1667098573.126911, 100
1667098573.140522, 99
1667098573.154067, 97
1667098573.167468, 99
1667098573.180884, 98
1667098573.194514, 98
1667098573.207910, 98
1667098573.221467, 97
1667098573.235055, 97
1667098573.248640, 97
1667098573.262216, 97
1667098573.275540, 97
1667098573.288293, 98
1667098573.302424, 96
1667098573.316427, 98
1667098573.330478, 98
1667098573.344626, 97
1667098573.357862, 96
1667098573.370992, 96
1667098573.383903, 97
1667098573.396632, 96
1667098573.409509, 93
1667098573.422433, 91
1667098573.435310, 90
1667098573.448165, 85
1667098573.460942, 78
1667098573.473899, 74
1667098573.486688, 68
1667098573.499698, 62
1667098573.512583, 58
1667098573.525427, 53
1667098573.538175, 50
1667098573.551103, 46
1667098573.564444, 47
1667098573.578464, 48
1667098573.592012, 48
1667098573.604821, 48
1667098573.618832, 49
1667098573.633032, 48
1667098573.645945, 48
1667098573.658970, 48
1667098573.671777, 48
1667098573.684575, 49
1667098573.697459, 48
1667098573.710369, 48
1667098573.723425, 48
1667098573.736278, 47
1667098573.749366, 47
1667098573.762387, 48
1667098573.775274, 48
1667098573.788117, 47
1667098573.800819, 48
1667098573.813754, 49
1667098573.826670, 49
1667098573.840155, 50
1667098573.853682, 49
1667098573.867395, 48
1667098573.880889, 49
1667098573.894725, 50
1667098573.908118, 49
1667098573.921693, 48
1667098573.935284, 49
1667098573.948642, 48
1667098573.962367, 48
1667098573.975703, 49
1667098573.989006, 48
1667098574.002406, 48
1667098574.017862, 48
1667098574.031668, 48
1667098574.046883, 50
1667098574.060586, 50
1667098574.073912, 49
1667098574.086969, 50
1667098574.099781, 50
1667098574.112964, 51
1667098574.126009, 51
1667098574.138875, 50
1667098574.151889, 50
1667098574.165060, 49
1667098574.178057, 50
1667098574.190800, 50
1667098574.203613, 50
1667098574.216340, 50
1667098574.229444, 49
1667098574.242242, 50
1667098574.255052, 50
1667098574.267725, 50
1667098574.282328, 51
1667098574.295181, 51
1667098574.309404, 51
1667098574.323327, 52
1667098574.337281, 51
1667098574.351183, 51
1667098574.366182, 51
1667098574.380566, 52
1667098574.394674, 49
1667098574.408214, 50
1667098574.421743, 49
1667098574.434738, 50
1667098574.447909, 50
1667098574.460696, 50
1667098574.473639, 51
1667098574.486720, 51
1667098574.499502, 50
1667098574.512802, 51
1667098574.525714, 52
1667098574.538539, 52
1667098574.551403, 51
1667098574.564468, 50
1667098574.577218, 51
1667098574.590154, 52
1667098574.603006, 53
1667098574.615702, 52
1667098574.628536, 52
1667098574.642438, 51
1667098574.659365, 51
1667098574.672675, 51
1667098574.685577, 50
1667098574.698839, 52
1667098574.711719, 51
1667098574.725891, 51
1667098574.740596, 52
1667098574.754165, 53
1667098574.768704, 52
1667098574.782882, 53
1667098574.796422, 53
1667098574.809619, 52
1667098574.822458, 53
1667098574.835191, 52
1667098574.847947, 53
1667098574.861122, 53
1667098574.874682, 54
1667098574.888138, 53
1667098574.901981, 52
1667098574.915379, 52
1667098574.929007, 53
1667098574.942836, 53
1667098574.956481, 52
1667098574.969711, 53
1667098574.983229, 53
1667098574.996574, 53
1667098575.009362, 54
1667098575.023818, 53
1667098575.037749, 54
1667098575.051788, 53
1667098575.066441, 53
1667098575.080512, 54
1667098575.093634, 54
1667098575.107056, 53
1667098575.120137, 53
1667098575.133433, 53
1667098575.146575, 52
1667098575.159406, 53
1667098575.172167, 53
1667098575.184933, 54
1667098575.197732, 54
1667098575.210686, 53
1667098575.223571, 53
1667098575.236365, 52
1667098575.249293, 55
1667098575.262027, 54
1667098575.274777, 54
1667098575.287718, 54
1667098575.301368, 55
1667098575.314837, 54
1667098575.328506, 55
1667098575.342016, 55
1667098575.355773, 55
1667098575.368824, 54
1667098575.382721, 54
1667098575.397047, 53
1667098575.410203, 54
1667098575.423306, 53
1667098575.436632, 54
1667098575.449604, 54
1667098575.462951, 55
1667098575.475970, 54
1667098575.488972, 55
1667098575.501821, 55
1667098575.515034, 56
1667098575.527898, 55
1667098575.540694, 56
1667098575.553623, 54
1667098575.566569, 56
1667098575.579393, 56
1667098575.592286, 55
1667098575.605170, 56
1667098575.619003, 54
1667098575.632769, 55
1667098575.646461, 55
1667098575.660182, 55
1667098575.673568, 54
1667098575.687133, 55
1667098575.700768, 55
1667098575.714742, 55
1667098575.728391, 55
1667098575.742098, 57
1667098575.756118, 56
1667098575.770139, 55
1667098575.784280, 57
1667098575.797561, 57
1667098575.810932, 57
1667098575.823886, 56
1667098575.836803, 57
1667098575.850133, 56
1667098575.863033, 57
1667098575.875799, 55
1667098575.888593, 56
1667098575.901651, 56
1667098575.914596, 56
1667098575.928001, 54
1667098575.940868, 56
1667098575.954008, 56
1667098575.966738, 56
1667098575.979732, 55
1667098575.993526, 57
1667098576.006411, 56
1667098576.019228, 58
1667098576.033675, 57
1667098576.047484, 57
1667098576.061413, 58
1667098576.075433, 57
1667098576.088520, 57
1667098576.101463, 57
1667098576.114950, 57
1667098576.128549, 57
1667098576.141665, 56
1667098576.154582, 56
1667098576.167427, 57
1667098576.180278, 57
1667098576.193300, 56
1667098576.206299, 57
1667098576.219040, 57
1667098576.232014, 57
1667098576.245318, 57
1667098576.258100, 58
1667098576.271050, 58
1667098576.283933, 57
1667098576.296860, 58
1667098576.309783, 58
1667098576.322524, 59
1667098576.335318, 59
1667098576.348409, 59
1667098576.361683, 58
1667098576.375919, 58
1667098576.389802, 58
1667098576.403785, 57
1667098576.416947, 57
1667098576.430275, 57
1667098576.443401, 58
1667098576.456554, 58
1667098576.469959, 58
1667098576.482880, 58
1667098576.496479, 59
1667098576.509494, 58
1667098576.522425, 58
1667098576.535216, 59
1667098576.548129, 59
1667098576.561508, 58
1667098576.574458, 59
1667098576.587221, 58
1667098576.600085, 59
1667098576.613088, 59
1667098576.625997, 59
1667098576.638912, 58
1667098576.651708, 59
1667098576.664526, 59
1667098576.677902, 59
1667098576.691528, 58
1667098576.705366, 58
1667098576.718845, 59
1667098576.732533, 59
1667098576.746025, 59
1667098576.758930, 59
1667098576.772831, 60
1667098576.786885, 60
1667098576.800068, 58
1667098576.813150, 60
1667098576.826271, 60
1667098576.839147, 59
1667098576.852101, 59
1667098576.865204, 60
1667098576.878392, 60
1667098576.891238, 59
1667098576.904225, 57
1667098576.916894, 59
1667098576.930024, 59
1667098576.943193, 60
1667098576.956535, 59
1667098576.969563, 60
1667098576.982998, 59
1667098576.995820, 60
1667098577.008904, 60
1667098577.022062, 60
1667098577.034887, 61
1667098577.047666, 61
1667098577.060488, 60
1667098577.073493, 60
1667098577.087386, 61
1667098577.101584, 61
1667098577.115616, 60
1667098577.129683, 61
1667098577.142927, 61
1667098577.156226, 59
1667098577.169366, 59
1667098577.182410, 60
1667098577.195365, 60
1667098577.208346, 59
1667098577.221202, 60
1667098577.234175, 59
1667098577.246964, 61
1667098577.259947, 61
1667098577.272701, 61
1667098577.285620, 62
1667098577.298369, 61
1667098577.311200, 62
1667098577.323906, 61
1667098577.336723, 61
1667098577.350499, 62
1667098577.364012, 61
1667098577.377753, 62
1667098577.391069, 62
1667098577.404942, 62
1667098577.418494, 60
1667098577.432286, 61
1667098577.445920, 62
1667098577.459621, 61
1667098577.473155, 60
1667098577.486681, 61
1667098577.500363, 60
1667098577.513920, 61
1667098577.527813, 62
1667098577.542563, 62
1667098577.557102, 61
1667098577.571129, 63
1667098577.584127, 62
1667098577.597297, 62
1667098577.610496, 61
1667098577.623513, 63
1667098577.636633, 63
1667098577.649505, 62
1667098577.662321, 63
1667098577.675266, 61
1667098577.688175, 62
1667098577.701305, 62
1667098577.714204, 62
1667098577.726945, 61
1667098577.739866, 63
1667098577.752833, 63
1667098577.765884, 62
1667098577.778675, 61
1667098577.791572, 64
1667098577.804353, 64
1667098577.817127, 64
1667098577.829990, 63
1667098577.843970, 64
1667098577.858086, 64
1667098577.872431, 63
1667098577.886743, 62
1667098577.900020, 63
1667098577.913075, 64
1667098577.926367, 64
1667098577.939575, 63
1667098577.952718, 63
1667098577.965621, 63
1667098577.979016, 62
1667098577.991920, 63
1667098578.004967, 63
1667098578.017789, 63
1667098578.030977, 63
1667098578.043912, 63
1667098578.057461, 64
1667098578.070526, 64
1667098578.083349, 63
1667098578.096045, 64
1667098578.108798, 64
1667098578.122011, 63
1667098578.135784, 64
1667098578.149220, 63
1667098578.162613, 63
1667098578.176139, 64
1667098578.189747, 64
1667098578.203378, 63
1667098578.217055, 64
1667098578.231010, 64
1667098578.247258, 64
1667098578.261360, 63
1667098578.275250, 64
1667098578.288496, 64
1667098578.301520, 64
1667098578.314817, 63
1667098578.327745, 65
1667098578.340832, 65
1667098578.353542, 64
1667098578.366468, 65
1667098578.379219, 64
1667098578.392004, 65
1667098578.405042, 65
1667098578.417804, 64
1667098578.430505, 66
1667098578.443345, 65
1667098578.456306, 65
1667098578.469136, 65
1667098578.481885, 63
1667098578.494662, 63
1667098578.507957, 64
1667098578.521426, 63
1667098578.534739, 63
1667098578.547966, 65
1667098578.561790, 65
1667098578.575585, 64
1667098578.588855, 64
1667098578.603376, 66
1667098578.616572, 66
1667098578.629480, 66
1667098578.643352, 65
1667098578.657373, 65
1667098578.671418, 66
1667098578.684652, 66
1667098578.698171, 65
1667098578.711284, 66
1667098578.724369, 66
1667098578.737358, 65
1667098578.750145, 65
1667098578.762918, 65
1667098578.775672, 65
1667098578.788461, 65
1667098578.801490, 64
1667098578.814636, 66
1667098578.827621, 65
1667098578.840579, 65
1667098578.853867, 64
1667098578.866649, 66
1667098578.879421, 66
1667098578.892435, 67
1667098578.905270, 67
1667098578.919346, 66
1667098578.933340, 67
1667098578.947468, 67
1667098578.960566, 67
1667098578.973722, 66
1667098578.986855, 67
1667098578.999838, 67
1667098579.012793, 67
1667098579.025614, 66
1667098579.038347, 66
1667098579.051434, 66
1667098579.064737, 66
1667098579.077828, 65
1667098579.090875, 66
1667098579.103924, 66
1667098579.116777, 65
1667098579.129611, 66
1667098579.142383, 67
1667098579.155444, 67
1667098579.168548, 67
1667098579.182364, 66
1667098579.196545, 67
1667098579.210504, 67
1667098579.225264, 67
1667098579.239717, 67
1667098579.253570, 66
1667098579.266680, 68
1667098579.279873, 67
1667098579.292841, 68
1667098579.305885, 66
1667098579.318869, 67
1667098579.331756, 67
1667098579.344491, 66
1667098579.357324, 67
1667098579.370199, 66
1667098579.382969, 67
1667098579.395880, 67
1667098579.408976, 67
1667098579.421817, 68
1667098579.434599, 67
1667098579.447323, 68
1667098579.460122, 68
1667098579.473833, 68
1667098579.487304, 68
1667098579.501011, 68
1667098579.514276, 68
1667098579.527645, 68
1667098579.541740, 68
1667098579.556422, 68
1667098579.570952, 68
1667098579.584786, 68
1667098579.598914, 68
1667098579.611903, 67
1667098579.625210, 67
1667098579.638256, 68
1667098579.650979, 68
1667098579.663672, 68
1667098579.676545, 68
1667098579.689631, 66
1667098579.702637, 69
1667098579.715400, 68
1667098579.728165, 68
1667098579.741004, 69
1667098579.753857, 68
1667098579.766643, 68
1667098579.779385, 69
1667098579.792118, 70
1667098579.805941, 70
1667098579.819427, 69
1667098579.833109, 70
1667098579.846739, 70
1667098579.860513, 68
1667098579.874144, 67
1667098579.888111, 68
1667098579.901740, 68
1667098579.914786, 68
1667098579.929043, 69
1667098579.943011, 69
1667098579.956828, 68
1667098579.970526, 68
1667098579.984219, 69
1667098579.997778, 69
1667098580.011837, 70
1667098580.025955, 69
1667098580.040155, 70
1667098580.053290, 70
1667098580.066295, 70
1667098580.079338, 70
1667098580.092621, 70
1667098580.105641, 70
1667098580.118525, 70
1667098580.131254, 70
1667098580.144268, 69
1667098580.157512, 68
1667098580.170333, 69
1667098580.183112, 68
1667098580.195976, 69
1667098580.209254, 69
1667098580.222230, 69
1667098580.235145, 68
1667098580.248073, 69
1667098580.260802, 70
1667098580.273756, 70
1667098580.286531, 69
1667098580.300190, 71
1667098580.313813, 71
1667098580.327375, 70
1667098580.341215, 70
1667098580.354509, 71
1667098580.367255, 70
1667098580.380839, 71
1667098580.393892, 70
1667098580.411607, 71
1667098580.424927, 69
1667098580.437772, 70
1667098580.450742, 69
1667098580.463585, 70
1667098580.476475, 70
1667098580.489479, 70
1667098580.502354, 71
1667098580.515056, 70
1667098580.528027, 70
1667098580.540901, 70
1667098580.554018, 72
1667098580.566842, 71
1667098580.579490, 71
1667098580.592317, 72
1667098580.605093, 71
1667098580.617810, 71
1667098580.631021, 71
1667098580.644540, 70
1667098580.658294, 71
1667098580.671706, 72
1667098580.685085, 72
1667098580.698819, 72
1667098580.712489, 71
1667098580.726153, 71
1667098580.739549, 70
1667098580.753357, 70
1667098580.767281, 70
1667098580.781074, 70
1667098580.795242, 71
1667098580.809269, 70
1667098580.822230, 70
1667098580.835356, 73
1667098580.848341, 73
1667098580.861434, 72
1667098580.874463, 72
1667098580.887542, 72
1667098580.900292, 72
1667098580.913254, 71
1667098580.926191, 73
1667098580.939152, 72
1667098580.951963, 72
1667098580.964745, 72
1667098580.977466, 72
1667098580.990396, 72
1667098581.004031, 70
1667098581.017667, 71
1667098581.031020, 72
1667098581.044583, 72
1667098581.057590, 72
1667098581.071348, 71
1667098581.085358, 71
1667098581.099446, 72
1667098581.112411, 72
1667098581.125921, 73
1667098581.138919, 72
1667098581.151599, 72
1667098581.164270, 73
1667098581.177302, 73
1667098581.190401, 73
1667098581.203139, 73
1667098581.216094, 73
1667098581.228828, 72
1667098581.241740, 73
1667098581.254547, 74
1667098581.267510, 73
1667098581.280251, 72
1667098581.293281, 72
1667098581.306854, 73
1667098581.320379, 72
1667098581.333734, 72
1667098581.347200, 73
1667098581.360576, 72
1667098581.374352, 72
1667098581.387747, 73
1667098581.401397, 73
1667098581.417495, 74
1667098581.431080, 73
1667098581.446137, 74
1667098581.460001, 74
1667098581.474322, 73
1667098581.488395, 74
1667098581.502894, 74
1667098581.516772, 73
1667098581.529971, 74
1667098581.542943, 73
1667098581.555953, 74
1667098581.569309, 74
1667098581.582268, 74
1667098581.595194, 73
1667098581.608154, 73
1667098581.621056, 73
1667098581.634359, 73
1667098581.647330, 73
1667098581.660206, 73
1667098581.673175, 73
1667098581.686336, 74
1667098581.699062, 73
1667098581.711918, 73
1667098581.724625, 74
1667098581.737653, 75
1667098581.750520, 74
1667098581.763314, 74
1667098581.775970, 74
1667098581.789072, 75
1667098581.802290, 74
1667098581.815704, 75
1667098581.829108, 75
1667098581.842785, 75
1667098581.857284, 75
1667098581.871407, 74
1667098581.885457, 74
1667098581.898801, 74
1667098581.911803, 73
1667098581.924837, 72
1667098581.937906, 74
1667098581.950957, 74
1667098581.963689, 74
1667098581.976623, 75
1667098581.989449, 73
1667098582.002476, 75
1667098582.015396, 76
1667098582.028105, 74
1667098582.040878, 75
1667098582.053892, 75
1667098582.066822, 74
1667098582.079696, 75
1667098582.092571, 75
1667098582.105353, 75
1667098582.118357, 76
1667098582.132066, 76
1667098582.145405, 76
1667098582.158666, 76
1667098582.172227, 75
1667098582.185619, 74
1667098582.199043, 74
1667098582.212930, 74
1667098582.227254, 75
1667098582.241069, 74
1667098582.255073, 75
1667098582.269086, 74
1667098582.282112, 74
1667098582.295391, 75
1667098582.308583, 76
1667098582.321495, 76
1667098582.334282, 76
1667098582.347031, 76
1667098582.359983, 76
1667098582.372650, 76
1667098582.385552, 76
1667098582.398398, 77
1667098582.411391, 76
1667098582.424287, 76
1667098582.437309, 75
1667098582.450053, 77
1667098582.462782, 76
1667098582.475799, 75
1667098582.489055, 75
1667098582.502692, 76
1667098582.516204, 75
1667098582.530232, 75
1667098582.544050, 76
1667098582.557928, 76
1667098582.571803, 75
1667098582.586206, 77
1667098582.600553, 77
1667098582.614994, 76
1667098582.628424, 77
1667098582.641508, 77
1667098582.654431, 77
1667098582.667494, 77
1667098582.680339, 76
1667098582.693269, 76
1667098582.706199, 77
1667098582.719062, 77
1667098582.731830, 77
1667098582.745053, 77
1667098582.757812, 76
1667098582.770777, 77
1667098582.783702, 76
1667098582.796549, 76
1667098582.809437, 75
1667098582.822226, 76
1667098582.835924, 76
1667098582.849488, 76
1667098582.863090, 75
1667098582.876845, 76
1667098582.891340, 78
1667098582.904074, 77
1667098582.916922, 77
1667098582.930663, 78
1667098582.944987, 78
1667098582.958343, 77
1667098582.971469, 78
1667098582.984629, 77
1667098582.997789, 78
1667098583.010570, 77
1667098583.023360, 78
1667098583.036168, 78
1667098583.049399, 77
1667098583.062355, 78
1667098583.075064, 76
1667098583.087814, 76
1667098583.100682, 77
1667098583.113765, 76
1667098583.126499, 77
1667098583.139391, 77
1667098583.152401, 78
1667098583.165246, 77
1667098583.177960, 77
1667098583.190806, 78
1667098583.203652, 79
1667098583.217180, 79
1667098583.231188, 78
1667098583.244221, 78
1667098583.257512, 78
1667098583.270599, 79
1667098583.283359, 78
1667098583.296170, 78
1667098583.309059, 79
1667098583.322381, 78
1667098583.335323, 78
1667098583.348112, 79
1667098583.361040, 79
1667098583.374219, 77
1667098583.387130, 79
1667098583.400019, 78
1667098583.412893, 78
1667098583.425788, 78
1667098583.438565, 77
1667098583.451422, 77
1667098583.464207, 78
1667098583.477656, 77
1667098583.491180, 78
1667098583.504031, 78
1667098583.518147, 79
1667098583.532468, 80
1667098583.546585, 80
1667098583.560524, 78
1667098583.573508, 78
1667098583.586579, 79
1667098583.599716, 79
1667098583.612766, 79
1667098583.625811, 79
1667098583.638996, 80
1667098583.651712, 80
1667098583.664576, 79
1667098583.677525, 78
1667098583.690402, 79
1667098583.703350, 78
1667098583.716103, 78
1667098583.729167, 78
1667098583.742015, 78
1667098583.754994, 79
1667098583.769358, 78
1667098583.786954, 79
1667098583.800185, 79
1667098583.813089, 80
1667098583.825824, 79
1667098583.838525, 80
1667098583.851626, 80
1667098583.864740, 79
1667098583.877662, 80
1667098583.890394, 80
1667098583.903274, 80
1667098583.916031, 80
1667098583.928989, 80
1667098583.941874, 80
1667098583.954736, 79
1667098583.967436, 81
1667098583.980323, 81
1667098583.993234, 79
1667098584.006446, 78
1667098584.019564, 80
1667098584.033243, 80
1667098584.046780, 79
1667098584.060310, 79
1667098584.074689, 79
1667098584.088549, 80
1667098584.102382, 80
1667098584.116918, 79
1667098584.130803, 80
1667098584.145226, 80
1667098584.159322, 81
1667098584.173911, 81
1667098584.188208, 80
1667098584.202411, 80
1667098584.215521, 81
1667098584.228719, 81
1667098584.241751, 81
1667098584.254745, 80
1667098584.267902, 80
1667098584.281195, 80
1667098584.294138, 80
1667098584.307100, 80
1667098584.320483, 79
1667098584.333681, 79
1667098584.346397, 80
1667098584.359196, 81
1667098584.372317, 80
1667098584.385473, 80
1667098584.398245, 81
1667098584.410994, 82
1667098584.423806, 81
1667098584.436999, 81
1667098584.449820, 81
1667098584.462969, 82
1667098584.476538, 82
1667098584.489884, 81
1667098584.503456, 81
1667098584.517220, 82
1667098584.530736, 82
1667098584.544142, 82
1667098584.557518, 82
1667098584.571538, 82
1667098584.585070, 81
1667098584.598293, 81
1667098584.611915, 81
1667098584.625403, 80
1667098584.638634, 80
1667098584.652327, 80
1667098584.666215, 81
1667098584.679862, 81
1667098584.693975, 80
1667098584.706972, 80
1667098584.720735, 82
1667098584.733543, 83
1667098584.747824, 82
1667098584.761692, 83
1667098584.775881, 83
1667098584.790617, 83
1667098584.803619, 82
1667098584.816462, 81
1667098584.829443, 82
1667098584.842219, 83
1667098584.854959, 82
1667098584.867911, 82
1667098584.880606, 83
1667098584.893396, 82
1667098584.906360, 83
1667098584.919128, 81
1667098584.931924, 81
1667098584.944677, 81
1667098584.957940, 82
1667098584.970745, 81
1667098584.983576, 82
1667098584.996890, 81
1667098585.010602, 82
1667098585.024358, 81
1667098585.038255, 83
1667098585.051690, 82
1667098585.064791, 83
1667098585.078591, 83
1667098585.091796, 82
1667098585.104620, 83
1667098585.117444, 83
1667098585.130348, 82
1667098585.143177, 83
1667098585.156041, 83
1667098585.168743, 84
1667098585.181984, 83
1667098585.195009, 83
1667098585.207883, 83
1667098585.220700, 84
1667098585.233737, 83
1667098585.246680, 82
1667098585.259544, 83
1667098585.272227, 82
1667098585.285070, 83
1667098585.297839, 82
1667098585.310683, 83
1667098585.324096, 83
1667098585.338087, 83
1667098585.352669, 84
1667098585.366665, 84
1667098585.381020, 84
1667098585.395136, 83
1667098585.409165, 83
1667098585.423110, 84
1667098585.437295, 84
1667098585.450586, 83
1667098585.463593, 83
1667098585.476658, 84
1667098585.489477, 84
1667098585.502683, 84
1667098585.515721, 84
1667098585.528450, 84
1667098585.541465, 83
1667098585.554561, 83
1667098585.567449, 83
1667098585.580178, 82
1667098585.593282, 84
1667098585.606606, 83
1667098585.619671, 84
1667098585.632397, 82
1667098585.645083, 84
1667098585.657880, 85
1667098585.670771, 84
1667098585.685052, 84
1667098585.698938, 84
1667098585.713044, 84
1667098585.726669, 83
1667098585.739756, 84
1667098585.752901, 84
1667098585.766052, 85
1667098585.779081, 85
1667098585.792213, 84
1667098585.805323, 84
1667098585.818291, 85
1667098585.831006, 85
1667098585.844187, 84
1667098585.857319, 83
1667098585.870163, 83
1667098585.882885, 84
1667098585.895809, 83
1667098585.908793, 84
1667098585.921936, 83
1667098585.934859, 84
1667098585.947702, 83
1667098585.960477, 84
1667098585.973321, 84
1667098585.987528, 85
1667098586.000426, 84
1667098586.013725, 86
1667098586.028212, 86
1667098586.041757, 86
1667098586.056208, 85
1667098586.069224, 86
1667098586.082937, 85
1667098586.095990, 86
1667098586.109349, 85
1667098586.122310, 85
1667098586.135285, 86
1667098586.148179, 86
1667098586.161283, 86
1667098586.174262, 85
1667098586.187284, 84
1667098586.200170, 85
1667098586.213072, 85
1667098586.225854, 84
1667098586.238562, 85
1667098586.251460, 85
1667098586.264785, 85
1667098586.278338, 84
1667098586.291922, 85
1667098586.307484, 86
1667098586.321042, 87
1667098586.335049, 86
1667098586.349112, 86
1667098586.362274, 85
1667098586.375657, 86
1667098586.388813, 86
1667098586.402882, 85
1667098586.416526, 86
1667098586.429603, 85
1667098586.442482, 85
1667098586.455302, 87
1667098586.468056, 87
1667098586.480939, 87
1667098586.493694, 86
1667098586.506416, 85
1667098586.519919, 85
1667098586.533688, 85
1667098586.547429, 85
1667098586.560899, 86
1667098586.574839, 86
1667098586.588577, 86
1667098586.602088, 85
1667098586.615676, 86
1667098586.629550, 86
1667098586.643300, 87
1667098586.656348, 86
1667098586.669348, 87
1667098586.682136, 87
1667098586.694930, 86
1667098586.707777, 86
1667098586.720604, 87
1667098586.733615, 87
1667098586.746684, 86
1667098586.759643, 87
1667098586.772615, 86
1667098586.785750, 87
1667098586.798973, 86
1667098586.811830, 87
1667098586.824639, 86
1667098586.837768, 86
1667098586.850621, 86
1667098586.863391, 86
1667098586.876208, 85
1667098586.889616, 86
1667098586.903818, 87
1667098586.917137, 87
1667098586.930370, 86
1667098586.943791, 88
1667098586.956726, 87
1667098586.970582, 87
1667098586.984671, 87
1667098586.998817, 88
1667098587.012000, 87
1667098587.025063, 87
1667098587.038567, 87
1667098587.051498, 88
1667098587.064279, 87
1667098587.077165, 88
1667098587.090098, 87
1667098587.103058, 87
1667098587.116234, 87
1667098587.129319, 88
1667098587.142600, 88
1667098587.155753, 88
1667098587.168568, 86
1667098587.181453, 87
1667098587.194464, 87
1667098587.207301, 87
1667098587.220201, 88
1667098587.232987, 87
1667098587.245712, 88
1667098587.258497, 87
1667098587.271854, 89
1667098587.285007, 89
1667098587.299162, 89
1667098587.313378, 88
1667098587.327173, 90
1667098587.341708, 90
1667098587.355522, 90
1667098587.368788, 90
1667098587.381738, 89
1667098587.394778, 90
1667098587.407655, 89
1667098587.420411, 88
1667098587.433784, 88
1667098587.446737, 89
1667098587.459855, 89
1667098587.472880, 88
1667098587.485632, 86
1667098587.498595, 88
1667098587.511400, 88
1667098587.524213, 88
1667098587.536980, 87
1667098587.549934, 88
1667098587.564097, 88
1667098587.577882, 88
1667098587.591456, 88
1667098587.604378, 89
1667098587.618133, 89
1667098587.632513, 88
1667098587.646876, 89
1667098587.661258, 89
1667098587.675259, 88
1667098587.688816, 88
1667098587.701973, 89
1667098587.714982, 89
1667098587.728124, 88
1667098587.741161, 89
1667098587.754052, 89
1667098587.766953, 89
1667098587.779829, 89
1667098587.792877, 90
1667098587.805944, 87
1667098587.818869, 89
1667098587.831939, 89
1667098587.844737, 88
1667098587.857670, 88
1667098587.870561, 89
1667098587.883497, 89
1667098587.896644, 88
1667098587.909509, 89
1667098587.922283, 89
1667098587.935357, 89
1667098587.949224, 90
1667098587.963400, 89
1667098587.977415, 89
1667098587.991517, 90
1667098588.004782, 90
1667098588.017780, 90
1667098588.030952, 89
1667098588.043889, 90
1667098588.056799, 90
1667098588.069623, 89
1667098588.082875, 91
1667098588.095644, 90
1667098588.108760, 90
1667098588.121927, 89
1667098588.134818, 90
1667098588.147563, 88
1667098588.160416, 89
1667098588.173427, 89
1667098588.186323, 89
1667098588.199215, 88
1667098588.211965, 89
1667098588.224687, 90
1667098588.237495, 89
1667098588.250739, 89
1667098588.264420, 91
1667098588.278216, 90
1667098588.291353, 90
1667098588.304462, 91
1667098588.317774, 90
1667098588.331223, 91
1667098588.344300, 90
1667098588.357523, 91
1667098588.370406, 90
1667098588.383299, 91
1667098588.396538, 91
1667098588.409770, 90
1667098588.422814, 91
1667098588.435895, 91
1667098588.448958, 90
1667098588.461971, 91
1667098588.474783, 89
1667098588.487675, 90
1667098588.500748, 90
1667098588.513836, 90
1667098588.526588, 89
1667098588.539438, 89
1667098588.552819, 90
1667098588.566520, 89
1667098588.579298, 89
1667098588.593066, 91
1667098588.605954, 90
1667098588.619283, 91
1667098588.633326, 91
1667098588.647332, 91
1667098588.661548, 91
1667098588.675027, 91
1667098588.688073, 92
1667098588.701012, 92
1667098588.714417, 91
1667098588.727371, 91
1667098588.740139, 92
1667098588.753000, 92
1667098588.766039, 92
1667098588.778806, 92
1667098588.791712, 91
1667098588.804701, 91
1667098588.817637, 91
1667098588.830682, 90
1667098588.843730, 91
1667098588.856571, 91
1667098588.869590, 91
1667098588.882887, 90
1667098588.895622, 91
1667098588.908366, 91
1667098588.921307, 92
1667098588.934030, 91
1667098588.947394, 92
1667098588.961167, 92
1667098588.976085, 91
1667098588.990142, 92
1667098589.004403, 92
1667098589.018796, 92
1667098589.032789, 92
1667098589.046079, 91
1667098589.059064, 93
1667098589.072078, 92
1667098589.084977, 92
1667098589.098089, 91
1667098589.110780, 93
1667098589.123625, 91
1667098589.136325, 91
1667098589.149279, 92
1667098589.162448, 91
1667098589.175509, 90
1667098589.188469, 91
1667098589.201457, 92
1667098589.214449, 91
1667098589.227331, 91
1667098589.240048, 91
1667098589.252879, 93
1667098589.265836, 92
1667098589.279292, 92
1667098589.293069, 93
1667098589.306867, 93
1667098589.319876, 93
1667098589.333049, 92
1667098589.346383, 93
1667098589.360026, 93
1667098589.373226, 92
1667098589.386162, 94
1667098589.398988, 92
1667098589.411934, 93
1667098589.425025, 93
1667098589.438015, 94
1667098589.451103, 93
1667098589.464127, 93
1667098589.477351, 92
1667098589.490172, 93
1667098589.503064, 91
1667098589.515952, 92
1667098589.528918, 92
1667098589.541969, 92
1667098589.555055, 92
1667098589.567789, 91
1667098589.580624, 92
1667098589.593382, 93
1667098589.606233, 93
1667098589.620337, 94
1667098589.634168, 94
1667098589.648590, 94
1667098589.661543, 93
1667098589.676192, 93
1667098589.689284, 94
1667098589.702492, 93
1667098589.715541, 94
1667098589.728535, 93
1667098589.741400, 94
1667098589.754453, 94
1667098589.767322, 93
1667098589.780417, 93
1667098589.793370, 94
1667098589.806280, 94
1667098589.818998, 92
1667098589.831998, 93
1667098589.844789, 92
1667098589.857538, 93
1667098589.870587, 93
1667098589.883514, 93
1667098589.896365, 93
1667098589.909191, 92
1667098589.922081, 94
1667098589.936550, 94
1667098589.950015, 94
1667098589.964415, 93
1667098589.978292, 94
1667098589.992759, 94
1667098590.006834, 94
1667098590.020037, 93
1667098590.033116, 94
1667098590.046173, 94
1667098590.059111, 94
1667098590.072282, 93
1667098590.085196, 95
1667098590.098050, 94
1667098590.111001, 95
1667098590.123793, 95
1667098590.136482, 94
1667098590.149416, 95
1667098590.162220, 94
1667098590.175126, 94
1667098590.187983, 94
1667098590.200810, 93
1667098590.213585, 94
1667098590.226363, 94
1667098590.239867, 93
1667098590.253598, 93
1667098590.267205, 95
1667098590.283266, 95
1667098590.296391, 95
1667098590.309746, 94
1667098590.323148, 94
1667098590.335887, 95
1667098590.348803, 95
1667098590.361951, 95
1667098590.375284, 94
1667098590.388244, 95
1667098590.401059, 95
1667098590.413961, 95
1667098590.426836, 95
1667098590.439576, 94
1667098590.452421, 95
1667098590.465409, 96
1667098590.478544, 95
1667098590.491318, 94
1667098590.504335, 94
1667098590.517109, 95
1667098590.529823, 94
1667098590.543120, 93
1667098590.556587, 94
1667098590.570823, 95
1667098590.584975, 94
1667098590.598995, 95
1667098590.612207, 96
1667098590.625006, 95
1667098590.637857, 95
1667098590.650688, 96
1667098590.663602, 95
1667098590.677867, 96
1667098590.690788, 95
1667098590.703760, 96
1667098590.716667, 96
1667098590.729609, 96
1667098590.742414, 95
1667098590.755379, 96
1667098590.769215, 96
1667098590.783316, 96
1667098590.798360, 96
1667098590.812576, 96
1667098590.825980, 95
1667098590.839055, 95
1667098590.852163, 95
1667098590.865574, 95
1667098590.878616, 95
1667098590.891754, 95
1667098590.904882, 95
1667098590.918066, 95
1667098590.930826, 95
1667098590.943888, 95
1667098590.957084, 96
1667098590.969928, 96
1667098590.982992, 96
1667098590.995803, 95
1667098591.008592, 96
1667098591.021412, 95
1667098591.034968, 96
1667098591.048958, 96
1667098591.062171, 97
1667098591.076103, 96
1667098591.089919, 96
1667098591.103952, 97
1667098591.117415, 96
1667098591.131002, 96
1667098591.144471, 96
1667098591.158308, 97
1667098591.172018, 97
1667098591.185793, 95
1667098591.199575, 96
1667098591.213894, 95
1667098591.227540, 96
1667098591.241471, 95
1667098591.255383, 96
1667098591.269579, 96
1667098591.283741, 97
1667098591.297716, 96
1667098591.311572, 96
1667098591.324693, 97
1667098591.337764, 98
1667098591.350843, 97
1667098591.363878, 96
1667098591.376950, 97
1667098591.389946, 98
1667098591.403194, 98
1667098591.416146, 96
1667098591.429052, 97
1667098591.442045, 98
1667098591.454845, 97
1667098591.467878, 97
1667098591.480566, 96
1667098591.493534, 98
1667098591.506470, 97
1667098591.519207, 97
1667098591.531950, 96
1667098591.545118, 97
1667098591.558429, 97
1667098591.572112, 96
1667098591.585490, 97
1667098591.598960, 97
1667098591.613114, 96
1667098591.627275, 96
1667098591.641210, 97
1667098591.655466, 98
1667098591.669798, 98
1667098591.683638, 98
1667098591.697250, 98
1667098591.710899, 98
1667098591.724544, 97
1667098591.738010, 98
1667098591.751421, 98
1667098591.764942, 98
1667098591.778405, 98
1667098591.792234, 98
1667098591.806457, 98
1667098591.820799, 98
1667098591.834489, 98
1667098591.848039, 98
1667098591.861662, 98
1667098591.875095, 99
1667098591.888797, 97
1667098591.902381, 97
1667098591.916279, 97
1667098591.929823, 98
1667098591.942656, 98
1667098591.956561, 97
1667098591.970856, 96
1667098591.983980, 98
1667098591.997017, 97
1667098592.010124, 98
1667098592.023237, 98
1667098592.036020, 99
1667098592.049074, 99
1667098592.062189, 98
1667098592.075145, 98
1667098592.088194, 99
1667098592.101113, 99
1667098592.114388, 99
1667098592.127338, 98
1667098592.140151, 99
1667098592.153339, 98
1667098592.166749, 98
1667098592.180431, 98
1667098592.194434, 99
1667098592.208355, 99
1667098592.222455, 98
1667098592.236584, 98
1667098592.249776, 98
1667098592.263010, 98
1667098592.276089, 98
1667098592.288828, 98
1667098592.301748, 98
1667098592.314745, 98
1667098592.327529, 99
1667098592.340484, 97
1667098592.353653, 99
1667098592.366662, 100
1667098592.379560, 100
1667098592.392357, 99
1667098592.405105, 98
1667098592.418087, 100
1667098592.431071, 99
1667098592.444025, 100
1667098592.456806, 98
1667098592.469624, 100
1667098592.482480, 99
1667098592.496042, 99
1667098592.509415, 100
1667098592.522925, 99
1667098592.536453, 100
1667098592.550273, 99
1667098592.563813, 99
1667098592.577366, 98
1667098592.591041, 98
1667098592.604694, 98
1667098592.618228, 98
1667098592.631699, 97
1667098592.645320, 98
1667098592.658701, 97
1667098592.672471, 98
1667098592.685934, 98
1667098592.699567, 99
1667098592.712382, 98
1667098592.726472, 99
1667098592.740485, 98
1667098592.754585, 98
1667098592.769069, 99
1667098592.782177, 98
1667098592.795262, 98
1667098592.808450, 99
1667098592.821442, 98
1667098592.834477, 98
1667098592.847281, 99
1667098592.860207, 98
1667098592.873030, 97
1667098592.885980, 98
1667098592.898970, 98
1667098592.911939, 98
1667098592.924877, 98
1667098592.937594, 96
1667098592.950462, 96
1667098592.963231, 96
1667098592.976032, 96
1667098592.989519, 96
1667098593.003195, 97
1667098593.016617, 96
1667098593.030053, 94
1667098593.043403, 90
1667098593.057509, 90
1667098593.070473, 84
1667098593.083647, 79
1667098593.097939, 73
1667098593.112007, 68
1667098593.126657, 61
1667098593.140922, 57
1667098593.155008, 52
1667098593.168026, 46
1667098593.181110, 46
1667098593.194734, 46
1667098593.207703, 46
1667098593.220451, 46
1667098593.233238, 47
1667098593.246453, 47
1667098593.259251, 46
1667098593.272056, 46
1667098593.284984, 48
1667098593.297992, 48
1667098593.311115, 48
1667098593.323955, 48
1667098593.336714, 47
1667098593.349603, 48
1667098593.362345, 48
1667098593.375093, 48
1667098593.389518, 48
1667098593.403413, 47
1667098593.417050, 47
1667098593.430326, 47
1667098593.443865, 47
1667098593.457937, 48
1667098593.470805, 47
1667098593.484439, 48
1667098593.498731, 47
1667098593.512942, 49
1667098593.526775, 48
1667098593.540711, 49
1667098593.554562, 49
1667098593.568893, 50
1667098593.582981, 49
1667098593.596313, 48
1667098593.609381, 49
1667098593.622468, 49
1667098593.635683, 49
1667098593.649107, 47
1667098593.662079, 48
1667098593.675090, 49
1667098593.688019, 48
1667098593.701178, 49
1667098593.714346, 49
1667098593.727478, 49
1667098593.740356, 49
1667098593.753139, 49
1667098593.765895, 50
1667098593.779055, 50
1667098593.791814, 50
1667098593.804544, 51
1667098593.817292, 50
1667098593.830530, 50
1667098593.843990, 51
1667098593.857433, 49
1667098593.871161, 49
1667098593.885529, 49
1667098593.899669, 50
1667098593.913304, 49
1667098593.927141, 49
1667098593.941067, 49
1667098593.954177, 50
1667098593.967107, 49
1667098593.980277, 51
1667098593.993372, 51
1667098594.006267, 51
1667098594.019075, 50
1667098594.031895, 51
1667098594.044899, 50
1667098594.057765, 50
1667098594.070534, 51
1667098594.083518, 51
1667098594.097202, 50
1667098594.110564, 50
1667098594.124360, 50
1667098594.137919, 50
1667098594.151777, 50
1667098594.165291, 50
1667098594.178958, 50
1667098594.192481, 50
1667098594.206143, 51
1667098594.219710, 52
1667098594.233175, 52
1667098594.246521, 52
1667098594.259461, 52
1667098594.273153, 52
1667098594.287386, 51
1667098594.301657, 51
1667098594.316007, 52
1667098594.329238, 52
1667098594.342253, 52
1667098594.355301, 50
1667098594.368413, 51
1667098594.381557, 52
1667098594.394357, 52
1667098594.407159, 51
1667098594.420118, 51
1667098594.433044, 51
1667098594.446249, 51
1667098594.459235, 52
1667098594.472001, 51
1667098594.484840, 53
1667098594.497649, 53
1667098594.510543, 52
1667098594.523389, 53
1667098594.536139, 53
1667098594.549195, 53
1667098594.562775, 52
1667098594.576254, 52
1667098594.590101, 51
1667098594.603553, 52
1667098594.617220, 53
1667098594.630715, 52
1667098594.644462, 51
1667098594.658039, 53
1667098594.671781, 52
1667098594.685640, 52
1667098594.699145, 52
1667098594.712034, 54
1667098594.725789, 53
1667098594.739717, 53
1667098594.753993, 52
1667098594.768388, 53
1667098594.781384, 53
1667098594.794457, 54
1667098594.807499, 54
1667098594.820680, 53
1667098594.833592, 53
1667098594.846369, 53
1667098594.859125, 53
1667098594.872131, 53
1667098594.885179, 53
1667098594.898174, 53
1667098594.911254, 53
1667098594.924586, 53
1667098594.937648, 54
1667098594.950682, 54
1667098594.963550, 54
1667098594.976286, 55
1667098594.989230, 55
1667098595.002479, 54
1667098595.016004, 54
1667098595.030097, 54
1667098595.044048, 55
1667098595.058451, 54
1667098595.072743, 54
1667098595.087297, 54
1667098595.100584, 54
1667098595.113978, 54
1667098595.126944, 54
1667098595.139914, 54
1667098595.152786, 53
1667098595.165536, 54
1667098595.178271, 54
1667098595.191209, 56
1667098595.203980, 56
1667098595.216935, 55
1667098595.230201, 55
1667098595.243008, 56
1667098595.255965, 56
1667098595.268790, 55
1667098595.281664, 55
1667098595.294472, 54
1667098595.308138, 56
1667098595.320944, 54
1667098595.333881, 54
1667098595.347606, 54
1667098595.361748, 54
1667098595.376297, 55
1667098595.390497, 55
1667098595.403579, 54
1667098595.416701, 55
1667098595.429824, 54
1667098595.443044, 55
1667098595.455820, 55
1667098595.468554, 56
1667098595.481696, 57
1667098595.494677, 56
1667098595.507478, 55
1667098595.520255, 57
1667098595.533229, 57
1667098595.546129, 56
1667098595.559155, 56
1667098595.571936, 55
1667098595.584813, 56
1667098595.597569, 55
1667098595.610887, 54
1667098595.624677, 56
1667098595.638383, 56
1667098595.652079, 55
1667098595.665723, 56
1667098595.679237, 56
1667098595.692004, 57
1667098595.706245, 56
1667098595.720188, 57
1667098595.734541, 57
1667098595.747743, 57
1667098595.760773, 56
1667098595.774007, 57
1667098595.787167, 58
1667098595.800107, 58
1667098595.812961, 56
1667098595.825965, 56
1667098595.839141, 55
1667098595.852171, 57
1667098595.865103, 57
1667098595.878164, 56
1667098595.891077, 56
1667098595.903928, 56
1667098595.916629, 57
1667098595.929525, 56
1667098595.942543, 58
1667098595.955515, 58
1667098595.968309, 57
1667098595.981086, 57
1667098595.993970, 58
1667098596.006814, 57
1667098596.020545, 58
1667098596.033952, 58
1667098596.047729, 58
1667098596.061472, 57
1667098596.075256, 58
1667098596.088924, 58
1667098596.102499, 57
1667098596.116139, 57
1667098596.129540, 58
1667098596.143250, 58
1667098596.156800, 57
1667098596.170315, 57
1667098596.184218, 58
1667098596.197500, 58
1667098596.211127, 58
1667098596.225117, 58
1667098596.239217, 59
1667098596.252609, 59
1667098596.265951, 59
1667098596.278931, 59
1667098596.292175, 58
1667098596.305132, 59
1667098596.317901, 57
1667098596.330732, 58
1667098596.343674, 58
1667098596.356793, 57
1667098596.369778, 58
1667098596.382579, 58
1667098596.395763, 59
1667098596.408765, 59
1667098596.422301, 58
1667098596.434938, 59
1667098596.448136, 59
1667098596.461762, 60
1667098596.474657, 59
1667098596.488509, 60
1667098596.502469, 60
1667098596.515575, 59
1667098596.528549, 59
1667098596.541384, 60
1667098596.554136, 60
1667098596.567131, 60
1667098596.579887, 60
1667098596.593247, 59
1667098596.606294, 59
1667098596.619086, 59
1667098596.631830, 58
1667098596.644902, 58
1667098596.657692, 58
1667098596.670608, 59
1667098596.683554, 60
1667098596.696300, 59
1667098596.709795, 60
1667098596.722646, 61
1667098596.735824, 60
1667098596.748876, 60
1667098596.761922, 61
1667098596.774788, 60
1667098596.787655, 60
1667098596.800656, 60
1667098596.813614, 59
1667098596.826483, 61
1667098596.839492, 61
1667098596.852538, 59
1667098596.865512, 59
1667098596.878486, 60
1667098596.891546, 61
1667098596.904595, 60
1667098596.917340, 59
1667098596.930331, 59
1667098596.943299, 60
1667098596.956252, 59
1667098596.969350, 61
1667098596.982210, 60
1667098596.995158, 62
1667098597.009074, 62
1667098597.023490, 61
1667098597.037481, 61
1667098597.051680, 60
1667098597.064839, 61
1667098597.077930, 61
1667098597.091048, 61
1667098597.103986, 62
1667098597.116855, 61
1667098597.129853, 60
1667098597.142904, 61
1667098597.155855, 61
1667098597.168890, 61
1667098597.182239, 61
1667098597.195266, 60
1667098597.208014, 61
1667098597.220753, 61
1667098597.233789, 61
1667098597.246987, 61
1667098597.259787, 62
1667098597.272738, 62
1667098597.285812, 61
1667098597.298565, 61
1667098597.311380, 63
1667098597.324859, 63
1667098597.338598, 62
1667098597.352055, 62
1667098597.365798, 63
1667098597.379753, 62
1667098597.394037, 62
1667098597.408557, 62
1667098597.422841, 62
1667098597.437136, 62
1667098597.451258, 61
1667098597.465904, 62
1667098597.479030, 62
1667098597.492258, 62
1667098597.505048, 63
1667098597.517815, 63
1667098597.530706, 63
1667098597.543584, 63
1667098597.556592, 62
1667098597.570475, 62
1667098597.583761, 62
1667098597.596965, 63
1667098597.610079, 63
1667098597.623112, 62
1667098597.636116, 64
1667098597.648895, 63
1667098597.661899, 63
1667098597.675083, 62
1667098597.688086, 63
1667098597.700934, 63
1667098597.714201, 62
1667098597.727645, 63
1667098597.740484, 63
1667098597.753482, 63
1667098597.766333, 63
1667098597.779721, 64
1667098597.792422, 64
1667098597.805727, 64
1667098597.819476, 64
1667098597.833212, 63
1667098597.846500, 63
1667098597.859894, 64
1667098597.873513, 64
1667098597.886997, 63
1667098597.900693, 63
1667098597.914310, 63
1667098597.928322, 63
1667098597.942375, 63
1667098597.956468, 62
1667098597.971158, 64
1667098597.984610, 63
1667098597.998144, 63
1667098598.011724, 63
1667098598.026435, 64
1667098598.040395, 65
1667098598.053508, 64
1667098598.066894, 64
1667098598.080673, 65
1667098598.094107, 64
1667098598.107084, 64
1667098598.119968, 65
1667098598.132990, 65
1667098598.146288, 64
1667098598.159237, 64
1667098598.172127, 65
1667098598.185087, 64
1667098598.197944, 63
1667098598.211324, 65
1667098598.224226, 64
1667098598.237207, 64
1667098598.250019, 64
1667098598.262811, 64
1667098598.275823, 64
1667098598.289289, 63
1667098598.303062, 66
1667098598.316210, 66
1667098598.330728, 65
1667098598.344345, 66
1667098598.358841, 66
1667098598.372764, 65
1667098598.386357, 65
1667098598.400201, 66
1667098598.413821, 66
1667098598.427525, 66
1667098598.440971, 65
1667098598.454593, 65
1667098598.467939, 65
1667098598.481855, 65
1667098598.495514, 65
1667098598.508949, 65
1667098598.522494, 65
1667098598.536164, 65
1667098598.549930, 65
1667098598.563443, 65
1667098598.577095, 66
1667098598.589985, 66
1667098598.604556, 66
1667098598.618681, 65
1667098598.632565, 67
1667098598.645663, 66
1667098598.658706, 66
1667098598.671647, 67
1667098598.684693, 67
1667098598.697526, 67
1667098598.710504, 66
1667098598.723460, 67
1667098598.736345, 65
1667098598.749253, 65
1667098598.762199, 65
1667098598.774947, 66
1667098598.787937, 66
1667098598.800744, 65
1667098598.813640, 65
1667098598.827294, 65
1667098598.841293, 66
1667098598.854924, 66
1667098598.867856, 67
1667098598.880702, 66
1667098598.893582, 67
1667098598.906601, 67
1667098598.919470, 66
1667098598.932359, 67
1667098598.945287, 67
1667098598.958401, 67
1667098598.971221, 66
1667098598.984056, 68
1667098598.996920, 67
1667098599.009776, 67
1667098599.022670, 66
1667098599.036512, 66
1667098599.050212, 66
1667098599.063834, 67
1667098599.077544, 66
1667098599.090971, 66
1667098599.104384, 66
1667098599.118384, 68
1667098599.131469, 67
1667098599.145038, 67
1667098599.158934, 68
1667098599.172292, 67
1667098599.185347, 68
1667098599.198388, 68
1667098599.211300, 66
1667098599.224195, 68
1667098599.237289, 68
1667098599.250086, 67
1667098599.263013, 68
1667098599.276031, 68
1667098599.288913, 66
1667098599.301764, 67
1667098599.316458, 66
1667098599.386050, 67
1667098599.404595, 68
1667098599.420503, 69
1667098599.435867, 69
1667098599.450274, 68
1667098599.468225, 69
1667098599.484741, 67
1667098599.535218, 69
1667098599.549990, 69
1667098599.565226, 68
1667098599.578381, 68
1667098599.591642, 68
1667098599.604507, 68
1667098599.617137, 68
1667098599.630295, 68
1667098599.643901, 67
1667098599.658467, 67
1667098599.685841, 68
1667098599.699635, 69
1667098599.713543, 69
1667098599.727710, 70
1667098599.741267, 69
1667098599.754251, 69
1667098599.767110, 70
1667098599.780099, 70
1667098599.792874, 69
1667098599.805536, 70
1667098599.818127, 70
1667098599.830905, 70
1667098599.843363, 69
1667098599.856176, 70
1667098599.868764, 69
1667098599.881977, 69
1667098599.895508, 68
1667098599.909188, 69
1667098599.922918, 69
1667098599.936357, 68
1667098599.950014, 69
1667098599.963910, 69
1667098599.976671, 70
1667098599.989667, 69
1667098600.002570, 70
1667098600.015450, 70
1667098600.028455, 70
1667098600.043635, 69
1667098600.056486, 71
1667098600.069386, 70
1667098600.082032, 70
1667098600.094866, 71
1667098600.107588, 71
1667098600.120070, 70
1667098600.132741, 71
1667098600.146955, 70
1667098600.160129, 70
1667098600.173517, 69
1667098600.186911, 70
1667098600.199580, 70
1667098600.212182, 70
1667098600.224605, 69
1667098600.237018, 70
1667098600.249485, 70
1667098600.261972, 71
1667098600.274391, 71
1667098600.287085, 71
1667098600.299584, 71
1667098600.311980, 71
1667098600.324347, 70
1667098600.337024, 72
1667098600.349548, 70
1667098600.362070, 71
1667098600.374377, 71
1667098600.391866, 71
1667098600.404405, 70
1667098600.416975, 71
1667098600.429714, 70
1667098600.442739, 71
1667098600.456069, 70
1667098600.469104, 71
1667098600.484320, 71
1667098600.501701, 70
1667098600.515315, 70
1667098600.535876, 71
1667098600.555608, 71
1667098600.573870, 72
1667098600.589126, 72
1667098600.603916, 71
1667098600.618218, 72
1667098600.632559, 73
1667098600.646198, 73
1667098600.660418, 72
1667098600.674657, 72
1667098600.688627, 72
1667098600.703403, 72
1667098600.718392, 71
1667098600.733978, 71
1667098600.749286, 71
1667098600.764406, 71
1667098600.779171, 70
1667098600.793826, 71
1667098600.808013, 71
1667098600.822087, 72
1667098600.836879, 71
1667098600.850422, 73
1667098600.863741, 72
1667098600.877348, 72
1667098600.890892, 73
1667098600.903874, 72
1667098600.917013, 73
1667098600.930427, 72
1667098600.943598, 71
1667098600.956854, 73
1667098600.970818, 73
1667098600.984300, 72
1667098600.998976, 73
1667098601.012572, 71
1667098601.026456, 72
1667098601.040002, 72
1667098601.054317, 72
1667098601.068376, 72
1667098601.082627, 72
1667098601.097515, 72
1667098601.111664, 72
1667098601.125015, 73
1667098601.138310, 74
1667098601.151899, 74
1667098601.165074, 73
1667098601.179100, 74
1667098601.192615, 74
1667098601.205996, 74
1667098601.219316, 74
1667098601.232631, 74
1667098601.246106, 74
1667098601.260437, 73
1667098601.275351, 74
1667098601.290189, 73
1667098601.305825, 72
1667098601.319024, 73
1667098601.332036, 73
1667098601.345215, 72
1667098601.358891, 73
1667098601.372180, 74
1667098601.385343, 73
1667098601.398828, 73
1667098601.412154, 74
1667098601.425667, 73
1667098601.439235, 73
1667098601.452580, 74
1667098601.466092, 75
1667098601.480575, 74
1667098601.495128, 74
1667098601.510185, 74
1667098601.525294, 74
1667098601.541047, 74
1667098601.555390, 75
1667098601.570126, 75
1667098601.584617, 74
1667098601.598385, 75
1667098601.612335, 73
1667098601.626380, 74
1667098601.640115, 74
1667098601.654296, 74
1667098601.668989, 73
1667098601.683062, 74
1667098601.697881, 73
1667098601.712159, 74
1667098601.726559, 75
1667098601.740259, 75
1667098601.753534, 76
1667098601.766825, 75
1667098601.780538, 75
1667098601.794949, 76
1667098601.809761, 74
1667098601.822948, 75
1667098601.836293, 75
1667098601.849607, 74
1667098601.862469, 75
1667098601.875343, 75
1667098601.888078, 75
1667098601.901133, 75
1667098601.914311, 74
1667098601.927433, 73
1667098601.940654, 75
1667098601.953889, 74
1667098601.967301, 74
1667098601.980936, 75
1667098601.994112, 75
1667098602.007188, 75
1667098602.020445, 75
1667098602.033796, 76
1667098602.048042, 75
1667098602.063288, 75
1667098602.079192, 75
1667098602.094209, 76
1667098602.108334, 76
1667098602.122143, 76
1667098602.135499, 77
1667098602.148892, 76
1667098602.163229, 76
1667098602.177303, 76
1667098602.190900, 76
1667098602.204673, 74
1667098602.218473, 75
1667098602.231996, 76
1667098602.245832, 75
1667098602.259316, 75
1667098602.272653, 75
1667098602.286480, 76
1667098602.300408, 75
1667098602.314329, 76
1667098602.327544, 77
1667098602.342264, 77
1667098602.356876, 76
1667098602.371877, 77
1667098602.386089, 77
1667098602.399868, 76
1667098602.413479, 76
1667098602.426986, 77
1667098602.440391, 77
1667098602.453854, 77
1667098602.467146, 76
1667098602.480332, 77
1667098602.494384, 76
1667098602.508245, 76
1667098602.521951, 76
1667098602.535444, 76
1667098602.549626, 77
1667098602.564107, 76
1667098602.577942, 75
1667098602.592582, 76
1667098602.606590, 77
1667098602.620585, 77
1667098602.634873, 77
1667098602.650791, 77
1667098602.665832, 78
1667098602.680442, 78
1667098602.694002, 77
1667098602.707430, 76
1667098602.720886, 78
1667098602.734322, 77
1667098602.747703, 77
1667098602.761013, 78
1667098602.774145, 78
1667098602.787375, 78
1667098602.800420, 77
1667098602.814040, 77
1667098602.827463, 77
1667098602.840865, 76
1667098602.854830, 77
1667098602.868788, 76
1667098602.882527, 77
1667098602.896297, 76
1667098602.909927, 77
1667098602.925449, 79
1667098602.940885, 79
1667098602.955700, 78
1667098602.969845, 77
1667098602.984051, 78
1667098602.998223, 79
1667098603.012262, 78
1667098603.026500, 77
1667098603.040770, 79
1667098603.054361, 79
1667098603.068302, 78
1667098603.082024, 78
1667098603.096283, 79
1667098603.110167, 77
1667098603.124323, 78
1667098603.138367, 78
1667098603.152669, 77
1667098603.167197, 78
1667098603.182018, 78
1667098603.195514, 77
1667098603.209329, 78
1667098603.223156, 78
1667098603.236451, 79
1667098603.249928, 79
1667098603.263156, 79
1667098603.276482, 78
1667098603.289857, 79
1667098603.303101, 79
1667098603.316485, 80
1667098603.330057, 79
1667098603.344240, 78
1667098603.358232, 80
1667098603.372070, 80
1667098603.386286, 80
1667098603.400386, 79
1667098603.414454, 79
1667098603.428925, 79
1667098603.442821, 79
1667098603.457091, 78
1667098603.471134, 78
1667098603.484712, 79
1667098603.498181, 78
1667098603.511147, 77
1667098603.524379, 80
1667098603.537731, 80
1667098603.550745, 79
1667098603.564057, 80
1667098603.577276, 79
1667098603.590938, 80
1667098603.604978, 79
1667098603.619383, 80
1667098603.633601, 80
1667098603.648288, 80
1667098603.662895, 79
1667098603.677692, 79
1667098603.692728, 80
1667098603.706499, 80
1667098603.719858, 79
1667098603.733372, 79
1667098603.746834, 80
1667098603.760397, 79
1667098603.774097, 79
1667098603.788009, 78
1667098603.801814, 79
1667098603.816133, 80
1667098603.829779, 79
1667098603.843673, 80
1667098603.857110, 80
1667098603.870786, 81
1667098603.884916, 80
1667098603.899707, 81
1667098603.914785, 81
1667098603.929206, 80
1667098603.943407, 81
1667098603.957563, 81
1667098603.971624, 81
1667098603.985631, 81
1667098603.999817, 81
1667098604.014010, 81
1667098604.028205, 80
1667098604.042920, 79
1667098604.057613, 80
1667098604.071390, 80
1667098604.085192, 80
1667098604.099107, 79
1667098604.113166, 79
1667098604.126667, 81
1667098604.140163, 82
1667098604.153440, 81
1667098604.167058, 81
1667098604.180431, 82
1667098604.193921, 81
1667098604.207601, 81
1667098604.221099, 81
1667098604.234611, 82
1667098604.248670, 82
1667098604.263082, 82
1667098604.277327, 81
1667098604.291309, 82
1667098604.305257, 82
1667098604.319329, 81
1667098604.333484, 80
1667098604.347028, 81
1667098604.361070, 81
1667098604.375764, 80
1667098604.390410, 81
1667098604.405450, 81
1667098604.419121, 80
1667098604.432826, 79
1667098604.446504, 81
1667098604.460466, 82
1667098604.473728, 81
1667098604.487049, 80
1667098604.500469, 82
1667098604.514114, 82
1667098604.527826, 81
1667098604.541874, 81
1667098604.555514, 83
1667098604.570296, 82
1667098604.586736, 82
1667098604.600476, 82
1667098604.614012, 82
1667098604.627166, 83
1667098604.641000, 81
1667098604.654327, 81
1667098604.668005, 82
1667098604.682188, 82
1667098604.697288, 81
1667098604.710613, 81
1667098604.724168, 82
1667098604.737543, 81
1667098604.750417, 82
1667098604.763278, 83
1667098604.776189, 83
1667098604.789303, 82
1667098604.802398, 82
1667098604.815601, 83
1667098604.829130, 82
1667098604.842514, 83
1667098604.856063, 82
1667098604.869342, 83
1667098604.883559, 83
1667098604.898442, 83
1667098604.912054, 82
1667098604.926160, 82
1667098604.939418, 83
1667098604.953085, 82
1667098604.966500, 82
1667098604.978895, 82
1667098604.992246, 83
1667098605.004768, 83
1667098605.017249, 83
1667098605.030054, 82
1667098605.042541, 83
1667098605.054932, 83
1667098605.067319, 82
1667098605.079845, 84
1667098605.092190, 83
1667098605.104542, 83
1667098605.117160, 83
1667098605.129785, 84
1667098605.142172, 82
1667098605.154608, 83
1667098605.166993, 83
1667098605.179482, 84
1667098605.191973, 83
1667098605.204373, 83
1667098605.216703, 84
1667098605.229925, 83
1667098605.243146, 84
1667098605.256149, 84
1667098605.269178, 83
1667098605.282133, 83
1667098605.295037, 82
1667098605.309886, 83
1667098605.326562, 83
1667098605.341783, 84
1667098605.354868, 83
1667098605.370911, 83
1667098605.383575, 84
1667098605.396575, 85
1667098605.409198, 84
1667098605.421806, 85
1667098605.437389, 85
1667098605.450188, 85
1667098605.466033, 84
1667098605.479105, 84
1667098605.494406, 85
1667098605.506989, 84
1667098605.521217, 85
1667098605.533839, 84
1667098605.549002, 84
1667098605.561505, 83
1667098605.574137, 84
1667098605.587514, 83
1667098605.603175, 85
1667098605.616996, 84
1667098605.633689, 84
1667098605.649910, 84
1667098605.664661, 84
1667098605.677464, 84
1667098605.692758, 84
1667098605.708444, 85
1667098605.721118, 84
1667098605.736602, 85
1667098605.749251, 84
1667098605.761716, 84
1667098605.774209, 85
1667098605.787966, 84
1667098605.800581, 84
1667098605.814860, 85
1667098605.828518, 85
1667098605.846084, 84
1667098605.861507, 86
1667098605.876616, 86
1667098605.891923, 85
1667098605.904851, 84
1667098605.920599, 85
1667098605.933264, 85
1667098605.946026, 84
1667098605.958916, 84
1667098605.971422, 85
1667098605.985537, 85
1667098605.998156, 85
1667098606.012038, 84
1667098606.024598, 86
1667098606.038203, 85
1667098606.051283, 85
1667098606.067640, 86
1667098606.084052, 86
1667098606.099304, 86
1667098606.112092, 85
1667098606.126614, 86
1667098606.139230, 86
1667098606.154740, 85
1667098606.167404, 85
1667098606.182347, 86
1667098606.194859, 85
1667098606.207386, 86
1667098606.226634, 84
1667098606.243267, 86
1667098606.259136, 86
1667098606.273836, 85
1667098606.288827, 86
1667098606.303001, 85
1667098606.317360, 85
1667098606.331478, 85
1667098606.345684, 87
1667098606.360872, 87
1667098606.375085, 87
1667098606.389772, 86
1667098606.404301, 86
1667098606.418939, 87
1667098606.433567, 87
1667098606.448473, 86
1667098606.462575, 87
1667098606.477126, 87
1667098606.491169, 86
1667098606.506699, 87
1667098606.519794, 87
1667098606.533197, 86
1667098606.547402, 86
1667098606.560988, 86
1667098606.575271, 85
1667098606.589215, 86
1667098606.602759, 86
1667098606.616683, 86
1667098606.631222, 86
1667098606.645698, 86
1667098606.659744, 86
1667098606.673662, 87
1667098606.687502, 88
1667098606.701294, 88
1667098606.715085, 87
1667098606.729415, 87
1667098606.743673, 87
1667098606.757919, 88
1667098606.771766, 87
1667098606.785542, 88
1667098606.801388, 88
1667098606.816501, 87
1667098606.830427, 87
1667098606.844828, 87
1667098606.859853, 88
1667098606.873634, 86
1667098606.887317, 87
1667098606.901313, 87
1667098606.915375, 87
1667098606.929859, 87
1667098606.944113, 87
1667098606.958331, 87
1667098606.972341, 86
1667098606.986037, 86
1667098607.000491, 88
1667098607.014549, 89
1667098607.028272, 89
1667098607.042081, 88
1667098607.056266, 88
1667098607.071028, 88
1667098607.085855, 87
1667098607.099642, 88
1667098607.113780, 88
1667098607.127987, 88
1667098607.142072, 88
1667098607.156409, 88
1667098607.170859, 89
1667098607.185303, 89
1667098607.200026, 87
1667098607.215079, 87
1667098607.229389, 87
1667098607.244001, 86
1667098607.257347, 87
1667098607.270969, 88
1667098607.284460, 88
1667098607.297781, 88
1667098607.311059, 87
1667098607.324629, 89
1667098607.337673, 89
1667098607.351037, 89
1667098607.364463, 89
1667098607.377783, 89
1667098607.391233, 88
1667098607.404490, 89
1667098607.418649, 88
1667098607.433393, 88
1667098607.447112, 88
1667098607.461411, 89
1667098607.475289, 88
1667098607.489983, 89
1667098607.504580, 89
1667098607.519508, 88
1667098607.533102, 88
1667098607.546424, 89
1667098607.560003, 88
1667098607.573289, 89
1667098607.587190, 89
1667098607.600853, 89
1667098607.614933, 89
1667098607.628839, 88
1667098607.642638, 88
1667098607.657197, 90
1667098607.671017, 89
1667098607.684991, 89
1667098607.698877, 90
1667098607.714447, 89
1667098607.729488, 89
1667098607.744043, 89
1667098607.758666, 89
1667098607.773659, 89
1667098607.789556, 90
1667098607.805412, 90
1667098607.821202, 90
1667098607.835546, 90
1667098607.849768, 89
1667098607.865405, 89
1667098607.879125, 89
1667098607.892648, 89
1667098607.905803, 89
1667098607.919085, 90
1667098607.932347, 89
1667098607.945655, 88
1667098607.959447, 89
1667098607.973401, 89
1667098607.988461, 90
1667098608.003381, 90
1667098608.017911, 90
1667098608.032415, 91
1667098608.046063, 91
166709860