1667059992.930606, 0
1667059992.951838, 0
1667059992.965163, 2
1667059992.977855, 0
1667059992.990435, 3
1667059993.003281, 0
1667059993.016960, 2
1667059993.031075, 2
1667059993.048370, 2
1667059993.062830, 1
1667059993.076785, 2
1667059993.089854, 3
1667059993.103027, 2
1667059993.116169, 2
1667059993.128957, 1
1667059993.142869, 2
1667059993.155831, 2
1667059993.168532, 0
1667059993.181273, 3
1667059993.194132, 2
1667059993.207054, 1
1667059993.220004, 2
1667059993.232943, 1
1667059993.245659, 4
1667059993.258629, 2
1667059993.271458, 2
1667059993.284321, 2
1667059993.297167, 3
1667059993.310353, 2
1667059993.323631, 4
1667059993.337229, 5
1667059993.351580, 4
1667059993.365958, 4
1667059993.379127, 4
1667059993.392180, 1
1667059993.404900, 3
1667059993.417672, 2
1667059993.430526, 2
1667059993.443514, 2
1667059993.456676, 1
1667059993.469616, 3
1667059993.482695, 2
1667059993.496462, 1
1667059993.509246, 3
1667059993.521975, 2
1667059993.534953, 2
1667059993.547967, 3
1667059993.560775, 1
1667059993.573446, 3
1667059993.586168, 3
1667059993.600629, 4
1667059993.613592, 4
1667059993.627431, 5
1667059993.640719, 4
1667059993.654211, 4
1667059993.667852, 5
1667059993.681202, 4
1667059993.695069, 5
1667059993.708730, 5
1667059993.721904, 4
1667059993.734732, 3
1667059993.749171, 2
1667059993.763212, 2
1667059993.777149, 2
1667059993.791350, 3
1667059993.804749, 2
1667059993.817913, 2
1667059993.831109, 2
1667059993.844093, 2
1667059993.857383, 3
1667059993.870413, 1
1667059993.883482, 2
1667059993.896662, 3
1667059993.909561, 2
1667059993.922610, 4
1667059993.935613, 4
1667059993.948386, 3
1667059993.961335, 4
1667059993.974358, 5
1667059993.987144, 3
1667059993.999993, 5
1667059994.013118, 5
1667059994.026656, 4
1667059994.040022, 5
1667059994.053499, 5
1667059994.067299, 2
1667059994.080633, 3
1667059994.094253, 2
1667059994.109183, 1
1667059994.122590, 2
1667059994.136499, 2
1667059994.150409, 1
1667059994.164599, 2
1667059994.178474, 2
1667059994.191651, 1
1667059994.204784, 3
1667059994.217784, 2
1667059994.230872, 2
1667059994.243615, 3
1667059994.256517, 3
1667059994.269350, 4
1667059994.282283, 3
1667059994.295471, 4
1667059994.308435, 4
1667059994.321379, 5
1667059994.334198, 4
1667059994.347010, 5
1667059994.361259, 5
1667059994.375765, 4
1667059994.389702, 4
1667059994.402740, 1
1667059994.415832, 4
1667059994.428876, 2
1667059994.441918, 2
1667059994.454694, 3
1667059994.467735, 1
1667059994.480733, 2
1667059994.494977, 2
1667059994.508357, 1
1667059994.521270, 2
1667059994.534183, 2
1667059994.547058, 2
1667059994.560182, 4
1667059994.573200, 3
1667059994.586230, 4
1667059994.599413, 3
1667059994.612281, 5
1667059994.625072, 4
1667059994.637853, 3
1667059994.651356, 3
1667059994.664716, 2
1667059994.678393, 1
1667059994.691860, 2
1667059994.705759, 2
1667059994.720064, 3
1667059994.734097, 2
1667059994.749453, 2
1667059994.763392, 1
1667059994.777617, 2
1667059994.792010, 3
1667059994.806342, 2
1667059994.819535, 3
1667059994.832557, 2
1667059994.845684, 3
1667059994.858500, 3
1667059994.871402, 4
1667059994.884136, 4
1667059994.896981, 4
1667059994.909987, 4
1667059994.922985, 5
1667059994.936136, 5
1667059994.949088, 4
1667059994.962122, 5
1667059994.975199, 5
1667059994.988186, 4
1667059995.002675, 5
1667059995.015588, 1
1667059995.029304, 4
1667059995.042247, 2
1667059995.055206, 2
1667059995.068127, 3
1667059995.080998, 1
1667059995.093825, 2
1667059995.107082, 2
1667059995.120804, 1
1667059995.135505, 3
1667059995.149193, 3
1667059995.163734, 2
1667059995.176997, 3
1667059995.190045, 2
1667059995.203761, 4
1667059995.217042, 4
1667059995.230048, 4
1667059995.243095, 4
1667059995.256309, 5
1667059995.269191, 5
1667059995.281992, 4
1667059995.294896, 4
1667059995.308018, 5
1667059995.321048, 4
1667059995.333909, 5
1667059995.346856, 2
1667059995.359640, 2
1667059995.372790, 2
1667059995.385877, 1
1667059995.398607, 3
1667059995.411701, 2
1667059995.426021, 2
1667059995.440082, 2
1667059995.454205, 2
1667059995.468544, 2
1667059995.482661, 3
1667059995.495600, 2
1667059995.508694, 4
1667059995.521543, 3
1667059995.534487, 3
1667059995.547355, 3
1667059995.560374, 4
1667059995.573115, 4
1667059995.586167, 5
1667059995.598955, 4
1667059995.611775, 4
1667059995.624444, 4
1667059995.637360, 5
1667059995.650642, 4
1667059995.664179, 5
1667059995.677167, 4
1667059995.690014, 2
1667059995.702753, 2
1667059995.715787, 2
1667059995.728663, 2
1667059995.741646, 2
1667059995.754461, 2
1667059995.767814, 2
1667059995.780695, 3
1667059995.793534, 2
1667059995.806455, 2
1667059995.819885, 2
1667059995.832606, 2
1667059995.845616, 4
1667059995.858297, 3
1667059995.871091, 4
1667059995.883889, 4
1667059995.897255, 3
1667059995.911104, 4
1667059995.924720, 5
1667059995.938349, 4
1667059995.952144, 4
1667059995.965691, 5
1667059995.979301, 5
1667059995.992704, 3
1667059996.006209, 2
1667059996.019810, 1
1667059996.033334, 2
1667059996.047012, 2
1667059996.060953, 1
1667059996.075240, 2
1667059996.089307, 2
1667059996.102486, 1
1667059996.116045, 3
1667059996.128784, 2
1667059996.141653, 3
1667059996.154424, 3
1667059996.167431, 2
1667059996.180282, 3
1667059996.193004, 4
1667059996.206213, 3
1667059996.219000, 3
1667059996.232030, 3
1667059996.245073, 5
1667059996.258080, 4
1667059996.271116, 4
1667059996.283905, 4
1667059996.296830, 5
1667059996.309605, 5
1667059996.322566, 4
1667059996.335492, 5
1667059996.349881, 1
1667059996.363888, 1
1667059996.377773, 3
1667059996.391941, 2
1667059996.406033, 2
1667059996.419352, 2
1667059996.432456, 1
1667059996.445660, 3
1667059996.458745, 3
1667059996.471646, 2
1667059996.484685, 2
1667059996.497441, 2
1667059996.510527, 3
1667059996.523607, 3
1667059996.536534, 4
1667059996.549694, 5
1667059996.562812, 4
1667059996.576212, 5
1667059996.589219, 4
1667059996.602150, 5
1667059996.614965, 5
1667059996.628247, 5
1667059996.640929, 4
1667059996.653962, 5
1667059996.666859, 4
1667059996.679763, 1
1667059996.692717, 4
1667059996.705983, 2
1667059996.718789, 1
1667059996.731988, 3
1667059996.745323, 2
1667059996.758979, 2
1667059996.772541, 2
1667059996.786060, 2
1667059996.799650, 3
1667059996.812960, 4
1667059996.826454, 2
1667059996.840160, 4
1667059996.853612, 3
1667059996.867301, 3
1667059996.880948, 4
1667059996.894533, 5
1667059996.908054, 4
1667059996.921497, 5
1667059996.934736, 5
1667059996.948652, 5
1667059996.962646, 5
1667059996.976081, 5
1667059996.989179, 3
1667059997.002370, 2
1667059997.015486, 1
1667059997.028758, 4
1667059997.041732, 2
1667059997.054684, 2
1667059997.067723, 3
1667059997.080628, 2
1667059997.093610, 2
1667059997.106462, 3
1667059997.119399, 2
1667059997.132248, 2
1667059997.145149, 2
1667059997.158056, 3
1667059997.170851, 2
1667059997.183640, 4
1667059997.196390, 5
1667059997.209284, 4
1667059997.222107, 5
1667059997.234901, 5
1667059997.248345, 5
1667059997.261937, 4
1667059997.275406, 5
1667059997.288846, 5
1667059997.302708, 5
1667059997.316502, 4
1667059997.330187, 2
1667059997.343684, 2
1667059997.357021, 3
1667059997.370643, 2
1667059997.384806, 2
1667059997.398996, 3
1667059997.412154, 2
1667059997.425174, 3
1667059997.438127, 2
1667059997.451325, 2
1667059997.464227, 3
1667059997.477302, 2
1667059997.490072, 3
1667059997.502814, 4
1667059997.515600, 3
1667059997.528418, 4
1667059997.541395, 5
1667059997.554330, 5
1667059997.567422, 4
1667059997.580321, 5
1667059997.593055, 5
1667059997.605799, 5
1667059997.618538, 5
1667059997.631996, 4
1667059997.645746, 2
1667059997.659103, 2
1667059997.672509, 4
1667059997.686351, 2
1667059997.700040, 2
1667059997.713752, 3
1667059997.727246, 2
1667059997.740627, 4
1667059997.753893, 3
1667059997.767526, 3
1667059997.780854, 2
1667059997.794200, 3
1667059997.807801, 3
1667059997.821228, 3
1667059997.834658, 3
1667059997.848501, 4
1667059997.862001, 4
1667059997.875779, 4
1667059997.889733, 5
1667059997.903153, 4
1667059997.917598, 4
1667059997.932372, 4
1667059997.946191, 1
1667059997.959272, 2
1667059997.972042, 3
1667059997.984797, 1
1667059997.997747, 2
1667059998.010641, 1
1667059998.023482, 2
1667059998.036991, 2
1667059998.050222, 1
1667059998.063222, 3
1667059998.076637, 2
1667059998.089696, 3
1667059998.102628, 3
1667059998.115611, 2
1667059998.128392, 3
1667059998.141264, 3
1667059998.155144, 3
1667059998.169171, 4
1667059998.182970, 4
1667059998.196903, 5
1667059998.211158, 4
1667059998.224591, 5
1667059998.237764, 5
1667059998.251136, 5
1667059998.264144, 5
1667059998.277201, 5
1667059998.290227, 4
1667059998.303155, 2
1667059998.315983, 1
1667059998.329045, 2
1667059998.341920, 2
1667059998.355241, 2
1667059998.368178, 2
1667059998.381140, 2
1667059998.393978, 3
1667059998.407021, 2
1667059998.419790, 2
1667059998.432536, 3
1667059998.445282, 2
1667059998.458007, 2
1667059998.470731, 3
1667059998.483452, 4
1667059998.496494, 5
1667059998.510047, 4
1667059998.523630, 4
1667059998.537026, 4
1667059998.550520, 5
1667059998.564148, 5
1667059998.577888, 4
1667059998.591574, 5
1667059998.605374, 5
1667059998.618675, 4
1667059998.632344, 2
1667059998.645803, 1
1667059998.659435, 4
1667059998.672753, 2
1667059998.686074, 2
1667059998.699934, 3
1667059998.713571, 2
1667059998.727383, 3
1667059998.740736, 2
1667059998.754326, 2
1667059998.768047, 3
1667059998.781876, 3
1667059998.796025, 2
1667059998.809924, 4
1667059998.823923, 4
1667059998.837993, 5
1667059998.852114, 4
1667059998.865280, 5
1667059998.878198, 4
1667059998.891226, 5
1667059998.904375, 5
1667059998.917434, 5
1667059998.930443, 5
1667059998.943425, 1
1667059998.956534, 3
1667059998.969505, 2
1667059998.982454, 1
1667059998.995273, 2
1667059999.008175, 2
1667059999.021043, 2
1667059999.033804, 3
1667059999.047626, 2
1667059999.061475, 2
1667059999.075462, 3
1667059999.089348, 3
1667059999.102546, 4
1667059999.115560, 4
1667059999.128614, 3
1667059999.141577, 4
1667059999.154573, 4
1667059999.167397, 3
1667059999.180192, 5
1667059999.193069, 5
1667059999.205892, 4
1667059999.218694, 5
1667059999.231481, 4
1667059999.244447, 3
1667059999.257489, 4
1667059999.270304, 1
1667059999.283080, 3
1667059999.295843, 3
1667059999.308701, 1
1667059999.322328, 2
1667059999.335984, 3
1667059999.349563, 2
1667059999.363437, 2
1667059999.377346, 2
1667059999.391156, 1
1667059999.404806, 3
1667059999.418113, 2
1667059999.432260, 3
1667059999.445951, 4
1667059999.460253, 4
1667059999.473989, 4
1667059999.487399, 4
1667059999.500795, 5
1667059999.514342, 4
1667059999.528001, 5
1667059999.541649, 5
1667059999.555436, 5
1667059999.568730, 4
1667059999.582849, 5
1667059999.596572, 1
1667059999.610244, 3
1667059999.623646, 2
1667059999.637083, 1
1667059999.650403, 2
1667059999.664056, 2
1667059999.677681, 2
1667059999.691318, 3
1667059999.704768, 2
1667059999.718174, 2
1667059999.731641, 3
1667059999.745071, 2
1667059999.758603, 3
1667059999.771877, 2
1667059999.785557, 4
1667059999.799360, 5
1667059999.812789, 4
1667059999.826346, 4
1667059999.839940, 4
1667059999.853830, 4
1667059999.867935, 5
1667059999.882467, 5
1667059999.896608, 5
1667059999.909794, 4
1667059999.923091, 4
1667059999.936115, 2
1667059999.949174, 2
1667059999.962188, 2
1667059999.975412, 2
1667059999.988307, 2
1667060000.001053, 2
1667060000.013998, 1
1667060000.026919, 3
1667060000.039815, 2
1667060000.052673, 3
1667060000.065442, 2
1667060000.078306, 2
1667060000.092014, 3
1667060000.106515, 3
1667060000.120036, 3
1667060000.132982, 4
1667060000.146218, 4
1667060000.159192, 5
1667060000.172281, 4
1667060000.185195, 4
1667060000.198101, 5
1667060000.211026, 5
1667060000.224002, 5
1667060000.237154, 4
1667060000.250327, 2
1667060000.263288, 2
1667060000.276310, 3
1667060000.289217, 1
1667060000.302579, 2
1667060000.315389, 2
1667060000.328310, 1
1667060000.341084, 3
1667060000.353974, 2
1667060000.366777, 2
1667060000.379744, 2
1667060000.392904, 2
1667060000.406362, 3
1667060000.420141, 3
1667060000.433511, 4
1667060000.447164, 5
1667060000.460796, 5
1667060000.474529, 5
1667060000.487932, 4
1667060000.501740, 5
1667060000.515296, 4
1667060000.528790, 4
1667060000.542378, 2
1667060000.555743, 3
1667060000.569557, 1
1667060000.583181, 2
1667060000.596591, 3
1667060000.610047, 0
1667060000.623652, 3
1667060000.637403, 3
1667060000.650980, 1
1667060000.664889, 4
1667060000.678108, 2
1667060000.691849, 2
1667060000.705695, 2
1667060000.719557, 3
1667060000.732785, 3
1667060000.746713, 2
1667060000.760561, 3
1667060000.774090, 4
1667060000.787967, 4
1667060000.801657, 5
1667060000.815171, 4
1667060000.828497, 5
1667060000.842190, 5
1667060000.855673, 5
1667060000.869129, 5
1667060000.882692, 4
1667060000.896224, 4
1667060000.909907, 3
1667060000.923600, 1
1667060000.937033, 3
1667060000.950668, 2
1667060000.964646, 1
1667060000.978638, 2
1667060000.992640, 1
1667060001.007149, 1
1667060001.021335, 3
1667060001.034255, 2
1667060001.047304, 3
1667060001.060253, 3
1667060001.073183, 3
1667060001.086079, 3
1667060001.099227, 4
1667060001.111970, 3
1667060001.124824, 4
1667060001.137599, 3
1667060001.150563, 5
1667060001.163770, 4
1667060001.176988, 4
1667060001.189887, 4
1667060001.202631, 3
1667060001.215548, 2
1667060001.228423, 1
1667060001.241277, 3
1667060001.254026, 0
1667060001.266872, 2
1667060001.279858, 2
1667060001.295820, 0
1667060001.309622, 3
1667060001.323506, 2
1667060001.337475, 2
1667060001.351455, 3
1667060001.364634, 3
1667060001.377764, 2
1667060001.390561, 3
1667060001.403438, 3
1667060001.416407, 4
1667060001.429242, 3
1667060001.442187, 4
1667060001.455432, 4
1667060001.468206, 4
1667060001.481037, 5
1667060001.493961, 5
1667060001.506832, 4
1667060001.521195, 4
1667060001.535899, 4
1667060001.550760, 4
1667060001.564664, 2
1667060001.579123, 2
1667060001.593265, 2
1667060001.606545, 2
1667060001.619685, 2
1667060001.632631, 1
1667060001.645447, 2
1667060001.658293, 2
1667060001.671425, 2
1667060001.684296, 2
1667060001.697362, 2
1667060001.710171, 2
1667060001.722856, 2
1667060001.735742, 3
1667060001.748571, 3
1667060001.761704, 4
1667060001.774586, 3
1667060001.787670, 4
1667060001.800721, 4
1667060001.814479, 5
1667060001.828534, 5
1667060001.842464, 4
1667060001.856624, 3
1667060001.870016, 3
1667060001.883085, 2
1667060001.896117, 1
1667060001.909200, 3
1667060001.922262, 0
1667060001.935358, 1
1667060001.948292, 2
1667060001.961221, 1
1667060001.974237, 4
1667060001.987788, 2
1667060002.000646, 3
1667060002.013372, 1
1667060002.026261, 2
1667060002.038994, 3
1667060002.051823, 3
1667060002.064658, 3
1667060002.078288, 3
1667060002.091761, 3
1667060002.105201, 2
1667060002.118970, 4
1667060002.132621, 5
1667060002.145863, 4
1667060002.159559, 3
1667060002.173082, 5
1667060002.186475, 4
1667060002.200229, 5
1667060002.213725, 5
1667060002.227535, 5
1667060002.240923, 1
1667060002.254590, 1
1667060002.267940, 3
1667060002.281752, 2
1667060002.295691, 2
1667060002.309468, 2
1667060002.323441, 2
1667060002.336844, 3
1667060002.350332, 3
1667060002.364066, 2
1667060002.378100, 3
1667060002.391849, 3
1667060002.405780, 3
1667060002.419498, 2
1667060002.433056, 4
1667060002.446796, 4
1667060002.460994, 4
1667060002.474843, 5
1667060002.489171, 5
1667060002.503976, 5
1667060002.518164, 4
1667060002.531339, 3
1667060002.544513, 2
1667060002.557753, 1
1667060002.571767, 2
1667060002.584652, 1
1667060002.597643, 3
1667060002.610508, 1
1667060002.623431, 2
1667060002.636457, 3
1667060002.649309, 1
1667060002.662102, 3
1667060002.674881, 2
1667060002.687714, 2
1667060002.700548, 3
1667060002.713314, 2
1667060002.726096, 3
1667060002.739090, 2
1667060002.752482, 4
1667060002.765971, 3
1667060002.779578, 3
1667060002.793090, 4
1667060002.806564, 5
1667060002.820133, 4
1667060002.833588, 5
1667060002.848280, 5
1667060002.862384, 5
1667060002.877151, 5
1667060002.890173, 4
1667060002.903156, 1
1667060002.916115, 1
1667060002.928919, 3
1667060002.941782, 1
1667060002.954563, 3
1667060002.967495, 2
1667060002.980564, 2
1667060002.993489, 3
1667060003.006185, 1
1667060003.019134, 3
1667060003.031950, 2
1667060003.044715, 3
1667060003.057692, 3
1667060003.071211, 2
1667060003.084910, 4
1667060003.098713, 4
1667060003.112259, 4
1667060003.126001, 4
1667060003.139701, 5
1667060003.153034, 5
1667060003.166604, 4
1667060003.180525, 4
1667060003.194154, 4
1667060003.207447, 2
1667060003.220929, 1
1667060003.234698, 2
1667060003.248228, 1
1667060003.262074, 2
1667060003.275768, 2
1667060003.289374, 1
1667060003.303087, 3
1667060003.317012, 1
1667060003.330976, 2
1667060003.344965, 1
1667060003.357949, 1
1667060003.370990, 3
1667060003.384127, 3
1667060003.397192, 3
1667060003.410101, 3
1667060003.422883, 4
1667060003.435883, 2
1667060003.448672, 4
1667060003.461598, 4
1667060003.474727, 4
1667060003.487736, 4
1667060003.500549, 4
1667060003.513613, 5
1667060003.526738, 4
1667060003.539743, 5
1667060003.552526, 4
1667060003.565333, 2
1667060003.578258, 2
1667060003.590997, 2
1667060003.604107, 1
1667060003.617485, 3
1667060003.630711, 1
1667060003.644148, 2
1667060003.657236, 2
1667060003.670020, 1
1667060003.683102, 3
1667060003.696009, 2
1667060003.709060, 3
1667060003.721992, 3
1667060003.734890, 3
1667060003.747865, 3
1667060003.761046, 3
1667060003.774053, 4
1667060003.787100, 4
1667060003.800382, 4
1667060003.813351, 5
1667060003.826494, 5
1667060003.839664, 4
1667060003.852777, 3
1667060003.865642, 3
1667060003.878452, 1
1667060003.891288, 1
1667060003.904017, 3
1667060003.916905, 0
1667060003.930571, 1
1667060003.944236, 2
1667060003.957894, 0
1667060003.971525, 3
1667060003.985082, 2
1667060003.998741, 2
1667060004.012286, 3
1667060004.026041, 3
1667060004.039660, 2
1667060004.053194, 3
1667060004.066778, 2
1667060004.080416, 3
1667060004.094258, 3
1667060004.107763, 4
1667060004.121460, 4
1667060004.134868, 4
1667060004.148574, 4
1667060004.162321, 5
1667060004.175945, 5
1667060004.189505, 4
1667060004.203349, 5
1667060004.216872, 4
1667060004.230352, 2
1667060004.243750, 3
1667060004.257129, 2
1667060004.270574, 1
1667060004.284497, 3
1667060004.298147, 1
1667060004.311921, 2
1667060004.325491, 3
1667060004.339171, 1
1667060004.352767, 2
1667060004.366358, 2
1667060004.379958, 2
1667060004.393648, 3
1667060004.407005, 3
1667060004.420385, 4
1667060004.433770, 4
1667060004.447493, 5
1667060004.460880, 4
1667060004.474439, 5
1667060004.488339, 5
1667060004.501862, 5
1667060004.514788, 4
1667060004.528705, 4
1667060004.541936, 1
1667060004.555061, 1
1667060004.568343, 2
1667060004.581366, 1
1667060004.594323, 3
1667060004.607335, 2
1667060004.620470, 2
1667060004.633203, 2
1667060004.646275, 1
1667060004.659322, 4
1667060004.672241, 2
1667060004.685128, 2
1667060004.697899, 2
1667060004.710654, 2
1667060004.723595, 3
1667060004.737105, 2
1667060004.751030, 3
1667060004.765193, 2
1667060004.779522, 4
1667060004.792881, 3
1667060004.805938, 4
1667060004.819098, 4
1667060004.832125, 5
1667060004.845179, 4
1667060004.857992, 5
1667060004.870806, 5
1667060004.883848, 4
1667060004.897126, 2
1667060004.910110, 2
1667060004.923169, 3
1667060004.936176, 1
1667060004.949199, 3
1667060004.962293, 1
1667060004.975261, 3
1667060004.988172, 3
1667060005.001144, 1
1667060005.014116, 3
1667060005.026940, 2
1667060005.039937, 3
1667060005.052673, 2
1667060005.066067, 3
1667060005.079889, 4
1667060005.093424, 3
1667060005.107090, 4
1667060005.120679, 4
1667060005.134262, 5
1667060005.147680, 5
1667060005.161203, 5
1667060005.174651, 4
1667060005.188005, 4
1667060005.201460, 2
1667060005.215176, 3
1667060005.228869, 1
1667060005.242588, 1
1667060005.256069, 2
1667060005.269779, 1
1667060005.283435, 2
1667060005.296956, 3
1667060005.310748, 1
1667060005.324520, 3
1667060005.337749, 1
1667060005.351497, 2
1667060005.364778, 2
1667060005.378629, 3
1667060005.392340, 3
1667060005.406185, 4
1667060005.420301, 4
1667060005.434346, 4
1667060005.447594, 4
1667060005.460656, 4
1667060005.473852, 4
1667060005.486913, 5
1667060005.500107, 5
1667060005.512958, 4
1667060005.525700, 5
1667060005.538672, 5
1667060005.551502, 4
1667060005.564676, 1
1667060005.577646, 1
1667060005.591026, 2
1667060005.604101, 0
1667060005.617121, 3
1667060005.629826, 2
1667060005.642585, 1
1667060005.655371, 3
1667060005.668386, 2
1667060005.681090, 3
1667060005.693779, 3
1667060005.706570, 2
1667060005.720030, 2
1667060005.736025, 4
1667060005.749254, 3
1667060005.762039, 3
1667060005.774931, 4
1667060005.787999, 4
1667060005.801242, 4
1667060005.814024, 4
1667060005.826909, 5
1667060005.839914, 4
1667060005.852831, 4
1667060005.865677, 3
1667060005.878769, 3
1667060005.891822, 1
1667060005.904927, 2
1667060005.917883, 2
1667060005.930701, 1
1667060005.943443, 3
1667060005.956363, 1
1667060005.970048, 3
1667060005.983641, 2
1667060005.996562, 2
1667060006.010733, 2
1667060006.024693, 3
1667060006.038709, 1
1667060006.053143, 3
1667060006.067056, 3
1667060006.080236, 4
1667060006.093257, 3
1667060006.106505, 4
1667060006.119450, 4
1667060006.132360, 5
1667060006.145157, 4
1667060006.158170, 5
1667060006.171044, 4
1667060006.183877, 5
1667060006.196839, 5
1667060006.209700, 4
1667060006.222565, 3
1667060006.235489, 3
1667060006.248439, 1
1667060006.261245, 3
1667060006.274103, 2
1667060006.287140, 2
1667060006.300035, 2
1667060006.312787, 1
1667060006.326016, 2
1667060006.339543, 1
1667060006.353201, 2
1667060006.366678, 5
1667060006.379731, 2
1667060006.393674, 3
1667060006.407631, 2
1667060006.421742, 3
1667060006.435833, 5
1667060006.448931, 4
1667060006.462091, 5
1667060006.475349, 4
1667060006.488421, 5
1667060006.501257, 4
1667060006.513999, 4
1667060006.526973, 3
1667060006.541030, 1
1667060006.553943, 1
1667060006.566773, 3
1667060006.579977, 1
1667060006.592801, 1
1667060006.605489, 2
1667060006.618358, 1
1667060006.631168, 3
1667060006.644055, 2
1667060006.656918, 3
1667060006.669727, 1
1667060006.682403, 2
1667060006.695176, 3
1667060006.708033, 3
1667060006.721561, 3
1667060006.735260, 3
1667060006.748493, 4
1667060006.761865, 4
1667060006.775450, 3
1667060006.788999, 5
1667060006.803004, 4
1667060006.815929, 5
1667060006.829741, 4
1667060006.843953, 4
1667060006.857827, 5
1667060006.871799, 4
1667060006.885155, 3
1667060006.898216, 2
1667060006.911205, 1
1667060006.924502, 3
1667060006.937645, 1
1667060006.950662, 3
1667060006.964259, 3
1667060006.977024, 1
1667060006.989957, 4
1667060007.002841, 2
1667060007.015955, 2
1667060007.028752, 2
1667060007.041488, 3
1667060007.054470, 3
1667060007.067594, 3
1667060007.080606, 4
1667060007.093457, 3
1667060007.106477, 5
1667060007.119228, 4
1667060007.132375, 5
1667060007.145149, 5
1667060007.157839, 4
1667060007.170681, 5
1667060007.183545, 4
1667060007.196514, 3
1667060007.210077, 3
1667060007.223823, 1
1667060007.237497, 2
1667060007.250787, 2
1667060007.264301, 1
1667060007.278112, 3
1667060007.291777, 2
1667060007.305553, 2
1667060007.319541, 3
1667060007.333313, 2
1667060007.346891, 2
1667060007.360795, 2
1667060007.374625, 2
1667060007.388262, 3
1667060007.401895, 2
1667060007.415337, 3
1667060007.428943, 3
1667060007.442482, 4
1667060007.455998, 3
1667060007.469736, 4
1667060007.483535, 4
1667060007.496890, 5
1667060007.510519, 4
1667060007.524145, 5
1667060007.537813, 5
1667060007.551539, 5
1667060007.564962, 1
1667060007.578444, 1
1667060007.592053, 3
1667060007.605589, 1
1667060007.619226, 2
1667060007.632702, 3
1667060007.646403, 1
1667060007.660364, 3
1667060007.673850, 2
1667060007.687381, 2
1667060007.700846, 4
1667060007.714401, 2
1667060007.727813, 3
1667060007.741389, 3
1667060007.754996, 4
1667060007.768261, 3
1667060007.782005, 4
1667060007.795726, 5
1667060007.809233, 5
1667060007.822622, 4
1667060007.836351, 5
1667060007.851706, 3
1667060007.864589, 3
1667060007.878282, 3
1667060007.892331, 1
1667060007.906238, 1
1667060007.919571, 2
1667060007.932733, 1
1667060007.945743, 3
1667060007.958843, 2
1667060007.971739, 2
1667060007.984624, 1
1667060007.997641, 2
1667060008.010626, 3
1667060008.023435, 3
1667060008.036475, 2
1667060008.049489, 3
1667060008.062275, 2
1667060008.075163, 4
1667060008.088085, 3
1667060008.101060, 4
1667060008.113776, 4
1667060008.126487, 5
1667060008.139587, 4
1667060008.153080, 5
1667060008.167112, 4
1667060008.180900, 5
1667060008.194562, 5
1667060008.208314, 5
1667060008.221858, 2
1667060008.235956, 2
1667060008.248777, 0
1667060008.262119, 2
1667060008.275580, 3
1667060008.289145, 1
1667060008.302778, 3
1667060008.316720, 3
1667060008.330691, 1
1667060008.345005, 3
1667060008.359257, 3
1667060008.372514, 3
1667060008.385530, 3
1667060008.398506, 4
1667060008.411473, 3
1667060008.424553, 4
1667060008.437335, 4
1667060008.450291, 5
1667060008.463072, 3
1667060008.475976, 5
1667060008.488933, 5
1667060008.501929, 4
1667060008.514732, 3
1667060008.527677, 3
1667060008.540893, 1
1667060008.553650, 1
1667060008.566487, 3
1667060008.579450, 1
1667060008.592324, 2
1667060008.605271, 2
1667060008.618239, 2
1667060008.631743, 3
1667060008.645562, 2
1667060008.659494, 3
1667060008.673420, 2
1667060008.687284, 1
1667060008.700244, 2
1667060008.713764, 3
1667060008.726632, 3
1667060008.739649, 4
1667060008.752579, 3
1667060008.765560, 4
1667060008.778364, 4
1667060008.791528, 3
1667060008.804541, 5
1667060008.817373, 4
1667060008.830482, 5
1667060008.843388, 4
1667060008.856310, 5
1667060008.869332, 5
1667060008.882283, 4
1667060008.895475, 2
1667060008.908492, 2
1667060008.921417, 2
1667060008.934310, 1
1667060008.947096, 3
1667060008.961782, 2
1667060008.974872, 1
1667060008.988949, 3
1667060009.002416, 2
1667060009.016662, 2
1667060009.030583, 2
1667060009.043595, 3
1667060009.056765, 4
1667060009.069569, 3
1667060009.082351, 4
1667060009.095220, 4
1667060009.108364, 4
1667060009.121228, 4
1667060009.134032, 4
1667060009.147050, 5
1667060009.160142, 5
1667060009.173212, 5
1667060009.185966, 3
1667060009.198837, 2
1667060009.211926, 3
1667060009.224796, 1
1667060009.237539, 3
1667060009.250296, 1
1667060009.263392, 1
1667060009.276670, 4
1667060009.290270, 1
1667060009.303811, 2
1667060009.317308, 1
1667060009.330821, 2
1667060009.344261, 2
1667060009.357578, 2
1667060009.371112, 2
1667060009.384533, 2
1667060009.397949, 3
1667060009.411654, 3
1667060009.424992, 3
1667060009.438516, 3
1667060009.452462, 4
1667060009.466067, 5
1667060009.480333, 4
1667060009.493400, 5
1667060009.506152, 5
1667060009.519531, 5
1667060009.532938, 5
1667060009.546823, 4
1667060009.560736, 1
1667060009.574582, 1
1667060009.587715, 3
1667060009.600697, 1
1667060009.613866, 3
1667060009.626946, 1
1667060009.640064, 2
1667060009.653200, 4
1667060009.665997, 1
1667060009.679037, 3
1667060009.691981, 2
1667060009.704887, 3
1667060009.717764, 2
1667060009.730634, 3
1667060009.743469, 2
1667060009.756180, 4
1667060009.769837, 4
1667060009.783126, 4
1667060009.795797, 5
1667060009.809083, 5
1667060009.824167, 4
1667060009.841481, 3
1667060009.861871, 2
1667060009.875625, 3
1667060009.889041, 0
1667060009.902821, 1
1667060009.917418, 2
1667060009.930826, 0
1667060009.944443, 2
1667060009.959687, 3
1667060009.976183, 2
1667060009.995277, 2
1667060010.010983, 2
1667060010.027515, 3
1667060010.041136, 2
1667060010.055999, 3
1667060010.070999, 3
1667060010.084170, 3
1667060010.097355, 4
1667060010.110545, 4
1667060010.123732, 5
1667060010.136620, 4
1667060010.149981, 5
1667060010.163436, 5
1667060010.176504, 5
1667060010.189544, 4
1667060010.202656, 5
1667060010.215704, 5
1667060010.228697, 1
1667060010.242750, 1
1667060010.255885, 2
1667060010.268929, 0
1667060010.281917, 3
1667060010.295111, 2
1667060010.308120, 1
1667060010.321230, 4
1667060010.334239, 2
1667060010.347024, 2
1667060010.359988, 1
1667060010.373938, 3
1667060010.387502, 3
1667060010.402800, 3
1667060010.418771, 3
1667060010.444647, 3
1667060010.467349, 5
1667060010.483008, 5
1667060010.502066, 3
1667060010.525518, 3
1667060010.539343, 1
1667060010.553980, 2
1667060010.567199, 0
1667060010.579926, 0
1667060010.593167, 2
1667060010.606403, 2
1667060010.619556, 1
1667060010.632465, 2
1667060010.645320, 2
1667060010.659585, 3
1667060010.673123, 2
1667060010.686753, 3
1667060010.700651, 2
1667060010.714737, 3
1667060010.729488, 3
1667060010.746837, 4
1667060010.761054, 3
1667060010.776210, 3
1667060010.794319, 5
1667060010.808887, 4
1667060010.822797, 5
1667060010.836240, 5
1667060010.849347, 4
1667060010.862573, 5
1667060010.876292, 5
1667060010.890408, 3
1667060010.903645, 3
1667060010.916844, 1
1667060010.930176, 2
1667060010.943693, 2
1667060010.958169, 1
1667060010.972181, 3
1667060010.985539, 2
1667060010.999039, 1
1667060011.012403, 3
1667060011.027203, 2
1667060011.041552, 3
1667060011.056606, 3
1667060011.074623, 3
1667060011.089087, 4
1667060011.103647, 3
1667060011.117137, 4
1667060011.131475, 5
1667060011.144762, 5
1667060011.158460, 5
1667060011.171962, 4
1667060011.184844, 4
1667060011.197846, 3
1667060011.211210, 3
1667060011.224607, 1
1667060011.238029, 2
1667060011.251695, 2
1667060011.265174, 1
1667060011.278912, 4
1667060011.292496, 4
1667060011.316762, 2
1667060011.330756, 3
1667060011.344928, 2
1667060011.360027, 3
1667060011.374599, 2
1667060011.388460, 3
1667060011.402146, 3
1667060011.415806, 4
1667060011.429112, 3
1667060011.442507, 4
1667060011.455877, 4
1667060011.469086, 5
1667060011.482519, 4
1667060011.496071, 5
1667060011.509811, 5
1667060011.523336, 5
1667060011.536792, 5
1667060011.550418, 4
1667060011.564250, 2
1667060011.577890, 2
1667060011.591927, 3
1667060011.606113, 0
1667060011.620875, 3
1667060011.635011, 3
1667060011.649030, 1
1667060011.663634, 3
1667060011.678044, 3
1667060011.691314, 2
1667060011.705147, 2
1667060011.718511, 3
1667060011.732423, 3
1667060011.745985, 3
1667060011.759810, 4
1667060011.773278, 4
1667060011.786880, 4
1667060011.801288, 4
1667060011.814688, 5
1667060011.828111, 4
1667060011.841728, 4
1667060011.855725, 4
1667060011.870740, 2
1667060011.885080, 3
1667060011.899241, 1
1667060011.913562, 1
1667060011.928756, 3
1667060011.944334, 2
1667060011.959709, 0
1667060011.974064, 3
1667060011.988262, 2
1667060012.002022, 1
1667060012.015810, 3
1667060012.029734, 3
1667060012.043709, 2
1667060012.057351, 3
1667060012.070853, 3
1667060012.084209, 4
1667060012.097864, 4
1667060012.111217, 4
1667060012.124689, 3
1667060012.138538, 4
1667060012.151702, 3
1667060012.164964, 3
1667060012.179607, 1
1667060012.194439, 1
1667060012.209660, 3
1667060012.224701, 1
1667060012.238481, 1
1667060012.252085, 4
1667060012.265864, 1
1667060012.279858, 3
1667060012.293113, 3
1667060012.306294, 2
1667060012.319668, 2
1667060012.333119, 3
1667060012.346684, 3
1667060012.360793, 2
1667060012.374986, 2
1667060012.389076, 4
1667060012.402728, 3
1667060012.416046, 4
1667060012.430025, 3
1667060012.443979, 5
1667060012.457600, 4
1667060012.472060, 3
1667060012.485902, 3
1667060012.500239, 3
1667060012.514564, 2
1667060012.528784, 1
1667060012.543116, 2
1667060012.557800, 2
1667060012.571860, 0
1667060012.585709, 3
1667060012.599700, 2
1667060012.613562, 1
1667060012.627364, 3
1667060012.641765, 2
1667060012.655888, 2
1667060012.669985, 1
1667060012.684253, 4
1667060012.698506, 3
1667060012.712899, 3
1667060012.727278, 3
1667060012.741909, 3
1667060012.756606, 4
1667060012.770911, 4
1667060012.784873, 4
1667060012.799042, 4
1667060012.813536, 5
1667060012.827381, 5
1667060012.841465, 4
1667060012.856031, 2
1667060012.869897, 2
1667060012.883583, 3
1667060012.898213, 0
1667060012.912898, 2
1667060012.926802, 2
1667060012.940416, 1
1667060012.955944, 2
1667060012.969586, 2
1667060012.983663, 2
1667060013.000278, 3
1667060013.022261, 3
1667060013.037097, 3
1667060013.053379, 4
1667060013.066560, 3
1667060013.079406, 4
1667060013.092250, 3
1667060013.105055, 4
1667060013.117802, 5
1667060013.130817, 4
1667060013.144187, 4
1667060013.157410, 3
1667060013.170514, 1
1667060013.183743, 1
1667060013.197146, 3
1667060013.210265, 0
1667060013.223630, 2
1667060013.236724, 2
1667060013.249502, 1
1667060013.262523, 3
1667060013.275810, 2
1667060013.288693, 3
1667060013.301395, 2
1667060013.313961, 2
1667060013.327068, 3
1667060013.340716, 3
1667060013.353768, 3
1667060013.367115, 4
1667060013.380887, 3
1667060013.399229, 0
1667060013.413224, 4
1667060013.426505, 3
1667060013.439708, 2
1667060013.452545, 2
1667060013.465305, 0
1667060013.478219, 1
1667060013.491665, 3
1667060013.504704, 0
1667060013.517451, 3
1667060013.530475, 3
1667060013.543574, 2
1667060013.556663, 2
1667060013.569889, 2
1667060013.582840, 3
1667060013.595723, 2
1667060013.609623, 2
1667060013.623275, 3
1667060013.637439, 3
1667060013.652243, 3
1667060013.665951, 3
1667060013.680490, 3
1667060013.695190, 4
1667060013.709721, 5
1667060013.724725, 5
1667060013.739278, 5
1667060013.753718, 5
1667060013.768448, 5
1667060013.783357, 4
1667060013.798185, 2
1667060013.812959, 0
1667060013.828609, 1
1667060013.844056, 3
1667060013.858559, 3
1667060013.874971, 0
1667060013.889774, 3
1667060013.905134, 2
1667060013.919667, 2
1667060013.934005, 3
1667060013.948111, 2
1667060013.962570, 3
1667060013.977134, 4
1667060013.991451, 4
1667060014.005679, 4
1667060014.019834, 4
1667060014.033954, 5
1667060014.048187, 5
1667060014.062424, 4
1667060014.076584, 4
1667060014.090819, 3
1667060014.104795, 1
1667060014.118596, 1
1667060014.133425, 3
1667060014.148384, 2
1667060014.162789, 0
1667060014.177121, 2
1667060014.191533, 2
1667060014.205753, 1
1667060014.220268, 3
1667060014.234142, 2
1667060014.248231, 2
1667060014.262616, 3
1667060014.276464, 2
1667060014.290015, 3
1667060014.304476, 4
1667060014.318207, 3
1667060014.332143, 4
1667060014.346466, 3
1667060014.360634, 4
1667060014.374943, 4
1667060014.388813, 4
1667060014.402776, 5
1667060014.416347, 5
1667060014.430492, 5
1667060014.444972, 4
1667060014.459147, 1
1667060014.473022, 1
1667060014.486575, 2
1667060014.500472, 0
1667060014.514766, 3
1667060014.529178, 2
1667060014.543584, 1
1667060014.557304, 2
1667060014.570975, 1
1667060014.584339, 2
1667060014.597419, 4
1667060014.611031, 2
1667060014.624396, 4
1667060014.637664, 3
1667060014.650810, 4
1667060014.664214, 4
1667060014.677292, 4
1667060014.690476, 4
1667060014.703622, 4
1667060014.717090, 5
1667060014.731066, 4
1667060014.745868, 4
1667060014.760847, 2
1667060014.775528, 3
1667060014.790089, 1
1667060014.805048, 1
1667060014.818980, 2
1667060014.832870, 1
1667060014.846180, 2
1667060014.859672, 2
1667060014.872992, 1
1667060014.886532, 4
1667060014.900285, 1
1667060014.913897, 2
1667060014.928400, 2
1667060014.942562, 4
1667060014.956561, 3
1667060014.970621, 4
1667060014.984647, 3
1667060014.998517, 4
1667060015.012984, 4
1667060015.026876, 5
1667060015.040806, 5
1667060015.054900, 5
1667060015.069556, 4
1667060015.084473, 4
1667060015.099263, 5
1667060015.114035, 4
1667060015.128067, 1
1667060015.141792, 1
1667060015.155673, 3
1667060015.169274, 1
1667060015.182494, 2
1667060015.196247, 2
1667060015.209975, 2
1667060015.223868, 2
1667060015.237912, 3
1667060015.251874, 2
1667060015.265727, 3
1667060015.280025, 2
1667060015.293950, 2
1667060015.307687, 3
1667060015.321593, 3
1667060015.336216, 4
1667060015.350245, 4
1667060015.364451, 5
1667060015.378565, 4
1667060015.393374, 4
1667060015.407636, 4
1667060015.421809, 3
1667060015.435791, 2
1667060015.449708, 1
1667060015.463976, 2
1667060015.477926, 2
1667060015.492176, 0
1667060015.506761, 3
1667060015.520621, 2
1667060015.535286, 1
1667060015.550597, 3
1667060015.564687, 2
1667060015.579434, 3
1667060015.594650, 2
1667060015.609051, 3
1667060015.623934, 2
1667060015.637987, 3
1667060015.652259, 3
1667060015.666902, 4
1667060015.681377, 4
1667060015.696372, 4
1667060015.713913, 4
1667060015.730051, 5
1667060015.744222, 5
1667060015.760953, 4
1667060015.773901, 4
1667060015.786530, 2
1667060015.799194, 2
1667060015.811694, 0
1667060015.824372, 2
1667060015.838486, 2
1667060015.851568, 0
1667060015.865324, 2
1667060015.879136, 4
1667060015.892669, 1
1667060015.906071, 3
1667060015.920054, 2
1667060015.933692, 2
1667060015.947854, 2
1667060015.961707, 3
1667060015.975637, 4
1667060015.988913, 4
1667060016.002454, 4
1667060016.016021, 3
1667060016.029251, 5
1667060016.042544, 5
1667060016.055919, 5
1667060016.069067, 4
1667060016.082062, 4
1667060016.095168, 2
1667060016.108457, 3
1667060016.121891, 0
1667060016.135321, 2
1667060016.148965, 3
1667060016.162513, 0
1667060016.176355, 3
1667060016.190123, 3
1667060016.203854, 1
1667060016.218171, 3
1667060016.232523, 2
1667060016.247411, 3
1667060016.262355, 2
1667060016.277103, 3
1667060016.291806, 3
1667060016.305763, 4
1667060016.320610, 3
1667060016.335240, 4
1667060016.348997, 4
1667060016.363709, 4
1667060016.378385, 3
1667060016.392385, 5
1667060016.407265, 4
1667060016.421479, 4
1667060016.435688, 5
1667060016.449623, 2
1667060016.463721, 3
1667060016.477655, 2
1667060016.492511, 2
1667060016.506431, 3
1667060016.521071, 2
1667060016.535442, 1
1667060016.550222, 3
1667060016.564318, 1
1667060016.578183, 2
1667060016.591942, 5
1667060016.605356, 2
1667060016.618711, 3
1667060016.632000, 2
1667060016.645706, 4
1667060016.659645, 4
1667060016.673383, 4
1667060016.687060, 3
1667060016.700923, 5
1667060016.714956, 5
1667060016.729445, 4
1667060016.743472, 4
1667060016.758630, 2
1667060016.774561, 1
1667060016.790375, 3
1667060016.804608, 0
1667060016.818909, 2
1667060016.832995, 4
1667060016.846707, 0
1667060016.860419, 3
1667060016.874108, 2
1667060016.887559, 1
1667060016.901521, 3
1667060016.915302, 2
1667060016.930763, 2
1667060016.944627, 3
1667060016.958390, 2
1667060016.972158, 4
1667060016.985441, 3
1667060016.998663, 3
1667060017.011702, 4
1667060017.025096, 5
1667060017.038250, 5
1667060017.051333, 5
1667060017.064738, 5
1667060017.077920, 5
1667060017.091661, 5
1667060017.104838, 4
1667060017.118275, 2
1667060017.131648, 2
1667060017.145012, 2
1667060017.158361, 1
1667060017.171835, 3
1667060017.185860, 2
1667060017.199835, 2
1667060017.214023, 3
1667060017.228663, 2
1667060017.242366, 2
1667060017.256086, 3
1667060017.270462, 3
1667060017.284413, 4
1667060017.298619, 3
1667060017.312890, 4
1667060017.327156, 4
1667060017.341584, 5
1667060017.355510, 5
1667060017.370214, 5
1667060017.384795, 4
1667060017.400506, 4
1667060017.414570, 4
1667060017.428475, 2
1667060017.442548, 2
1667060017.456722, 2
1667060017.470855, 1
1667060017.484751, 2
1667060017.498263, 2
1667060017.511878, 1
1667060017.525396, 4
1667060017.539149, 2
1667060017.552842, 2
1667060017.566609, 2
1667060017.581210, 3
1667060017.595462, 2
1667060017.609231, 3
1667060017.622858, 3
1667060017.636547, 4
1667060017.650718, 3
1667060017.665140, 3
1667060017.679621, 3
1667060017.693983, 4
1667060017.708158, 4
1667060017.722457, 4
1667060017.736123, 5
1667060017.750361, 5
1667060017.764336, 5
1667060017.777942, 4
1667060017.791656, 1
1667060017.805408, 1
1667060017.819181, 3
1667060017.833008, 2
1667060017.847239, 2
1667060017.861266, 3
1667060017.875812, 2
1667060017.889789, 2
1667060017.903900, 3
1667060017.917900, 1
1667060017.934900, 3
1667060017.948026, 2
1667060017.961857, 2
1667060017.975898, 3
1667060017.989404, 4
1667060018.002970, 4
1667060018.016429, 3
1667060018.029836, 5
1667060018.043386, 5
1667060018.057160, 4
1667060018.071370, 4
1667060018.085134, 3
1667060018.098701, 1
1667060018.112540, 1
1667060018.126458, 3
1667060018.140448, 1
1667060018.154393, 1
1667060018.168073, 3
1667060018.181900, 1
1667060018.196122, 2
1667060018.210997, 3
1667060018.225661, 2
1667060018.240604, 3
1667060018.254616, 3
1667060018.268739, 2
1667060018.283682, 3
1667060018.297485, 3
1667060018.312045, 3
1667060018.325876, 4
1667060018.340378, 4
1667060018.354305, 5
1667060018.368405, 5
1667060018.381995, 5
1667060018.395691, 5
1667060018.409663, 4
1667060018.423701, 5
1667060018.437316, 4
1667060018.451315, 2
1667060018.464767, 2
1667060018.478421, 3
1667060018.492354, 1
1667060018.506717, 3
1667060018.521226, 3
1667060018.536040, 0
1667060018.550988, 3
1667060018.564678, 2
1667060018.578461, 1
1667060018.592207, 2
1667060018.605492, 2
1667060018.619204, 3
1667060018.632560, 3
1667060018.646422, 4
1667060018.660604, 4
1667060018.674376, 4
1667060018.688325, 5
1667060018.702096, 4
1667060018.715787, 5
1667060018.729545, 4
1667060018.744301, 4
1667060018.759708, 2
1667060018.774675, 3
1667060018.788904, 2
1667060018.803959, 1
1667060018.818763, 1
1667060018.833405, 2
1667060018.846909, 1
1667060018.860600, 4
1667060018.874303, 2
1667060018.887587, 3
1667060018.900815, 2
1667060018.914451, 3
1667060018.928350, 2
1667060018.942199, 3
1667060018.955936, 2
1667060018.969614, 4
1667060018.985322, 3
1667060018.999177, 4
1667060019.012711, 4
1667060019.026244, 5
1667060019.040463, 4
1667060019.054414, 4
1667060019.067747, 5
1667060019.081075, 4
1667060019.094458, 5
1667060019.108134, 4
1667060019.121515, 1
1667060019.135280, 1
1667060019.149086, 2
1667060019.162816, 0
1667060019.176528, 2
1667060019.190379, 2
1667060019.204338, 0
1667060019.218891, 3
1667060019.233542, 3
1667060019.249658, 3
1667060019.264512, 2
1667060019.279283, 2
1667060019.293995, 2
1667060019.308976, 4
1667060019.322751, 4
1667060019.336673, 4
1667060019.350488, 4
1667060019.364720, 5
1667060019.378698, 4
1667060019.392386, 4
1667060019.405684, 4
1667060019.419422, 3
1667060019.433301, 1
1667060019.447238, 1
1667060019.461466, 3
1667060019.475522, 1
1667060019.489585, 1
1667060019.503736, 3
1667060019.517838, 2
1667060019.531643, 1
1667060019.546386, 4
1667060019.561398, 2
1667060019.576607, 2
1667060019.590542, 2
1667060019.605243, 3
1667060019.619980, 2
1667060019.633901, 3
1667060019.648618, 3
1667060019.663027, 4
1667060019.677386, 4
1667060019.691706, 4
1667060019.705701, 4
1667060019.720017, 4
1667060019.733900, 4
1667060019.747858, 5
1667060019.762027, 5
1667060019.775580, 5
1667060019.790780, 2
1667060019.805576, 1
1667060019.820557, 2
1667060019.834332, 3
1667060019.848196, 1
1667060019.862204, 3
1667060019.875561, 3
1667060019.888875, 1
1667060019.902574, 3
1667060019.916263, 3
1667060019.930010, 3
1667060019.944241, 2
1667060019.958634, 2
1667060019.972972, 3
1667060019.987153, 4
1667060020.001508, 4
1667060020.015898, 4
1667060020.030344, 5
1667060020.044881, 5
1667060020.059207, 4
1667060020.073686, 3
1667060020.089025, 2
1667060020.104366, 3
1667060020.119784, 1
1667060020.135154, 1
1667060020.150261, 1
1667060020.165328, 4
1667060020.180061, 1
1667060020.194727, 2
1667060020.209967, 2
1667060020.224609, 2
1667060020.238975, 2
1667060020.256361, 3
1667060020.270009, 3
1667060020.283910, 3
1667060020.298534, 3
1667060020.313427, 3
1667060020.326821, 4
1667060020.340404, 4
1667060020.354194, 5
1667060020.368137, 4
1667060020.381914, 5
1667060020.395611, 5
1667060020.408923, 4
1667060020.422571, 5
1667060020.436409, 5
1667060020.450110, 2
1667060020.463813, 3
1667060020.477626, 2
1667060020.491548, 2
1667060020.505285, 3
1667060020.519118, 1
1667060020.532938, 2
1667060020.546646, 3
1667060020.560408, 1
1667060020.574499, 2
1667060020.588524, 3
1667060020.602839, 3
1667060020.616892, 4
1667060020.631178, 3
1667060020.645149, 4
1667060020.659449, 4
1667060020.673946, 5
1667060020.688050, 5
1667060020.702070, 5
1667060020.716819, 5
1667060020.730866, 4
1667060020.745099, 4
1667060020.759472, 2
1667060020.773501, 3
1667060020.787320, 1
1667060020.801600, 1
1667060020.816019, 3
1667060020.829836, 2
1667060020.843744, 1
1667060020.858026, 4
1667060020.872287, 2
1667060020.886558, 2
1667060020.900713, 3
1667060020.915150, 2
1667060020.929538, 2
1667060020.943610, 2
1667060020.957837, 3
1667060020.971879, 4
1667060020.986099, 3
1667060021.000110, 4
1667060021.013980, 4
1667060021.027630, 4
1667060021.041355, 4
1667060021.054970, 5
1667060021.068483, 4
1667060021.081745, 4
1667060021.095612, 5
1667060021.109639, 4
1667060021.123219, 1
1667060021.137220, 1
1667060021.150491, 3
1667060021.163853, 0
1667060021.176806, 3
1667060021.190083, 1
1667060021.203167, 1
1667060021.216366, 3
1667060021.229475, 2
1667060021.242598, 2
1667060021.255884, 3
1667060021.268962, 3
1667060021.281813, 3
1667060021.295144, 3
1667060021.308733, 3
1667060021.321182, 3
1667060021.333859, 5
1667060021.346358, 3
1667060021.358927, 5
1667060021.371660, 5
1667060021.384179, 5
1667060021.396743, 4
1667060021.409330, 4
1667060021.421744, 2
1667060021.434358, 1
1667060021.446922, 1
1667060021.459488, 3
1667060021.471975, 0
1667060021.484512, 1
1667060021.497081, 1
1667060021.509820, 3
1667060021.522460, 2
1667060021.534944, 2
1667060021.547786, 3
1667060021.560752, 2
1667060021.577959, 4
1667060021.594226, 2
1667060021.606755, 2
1667060021.622220, 2
1667060021.637419, 4
1667060021.649954, 3
1667060021.662712, 4
1667060021.678584, 4
1667060021.691070, 4
1667060021.706499, 4
1667060021.719306, 5
1667060021.735070, 5
1667060021.747778, 4
1667060021.760659, 5
1667060021.773323, 4
1667060021.785777, 2
1667060021.798326, 1
1667060021.811112, 3
1667060021.827071, 0
1667060021.843041, 3
1667060021.857025, 3
1667060021.869992, 0
1667060021.885806, 2
1667060021.901257, 2
1667060021.915912, 2
1667060021.928659, 3
1667060021.944841, 2
1667060021.960513, 3
1667060021.975018, 4
1667060021.987771, 4
1667060022.003429, 4
1667060022.018886, 4
1667060022.031295, 5
1667060022.043924, 5
1667060022.058979, 4
1667060022.071813, 4
1667060022.084278, 3
1667060022.097075, 1
1667060022.112839, 1
1667060022.125499, 2
1667060022.138153, 1
1667060022.150627, 3
1667060022.163563, 2
1667060022.178604, 1
1667060022.192334, 3
1667060022.209140, 2
1667060022.225079, 2
1667060022.240750, 2
1667060022.256840, 3
1667060022.272761, 3
1667060022.290641, 3
1667060022.304199, 3
1667060022.322333, 4
1667060022.339124, 4
1667060022.355243, 5
1667060022.373124, 4
1667060022.389883, 5
1667060022.402963, 4
1667060022.415718, 4
1667060022.431084, 5
1667060022.443868, 4
1667060022.459717, 1
1667060022.472232, 1
1667060022.484709, 3
1667060022.499289, 1
1667060022.511980, 2
1667060022.527834, 3
1667060022.542247, 1
1667060022.554783, 2
1667060022.570433, 1
1667060022.583178, 4
1667060022.595849, 3
1667060022.612269, 2
1667060022.624733, 3
1667060022.637427, 3
1667060022.649880, 3
1667060022.662288, 4
1667060022.677947, 4
1667060022.693602, 4
1667060022.707363, 4
1667060022.725151, 4
1667060022.741473, 4
1667060022.757395, 3
1667060022.773013, 2
1667060022.785558, 1
1667060022.798013, 3
1667060022.813758, 2
1667060022.829111, 0
1667060022.841566, 3
1667060022.857921, 4
1667060022.874025, 1
1667060022.886771, 3
1667060022.902002, 2
1667060022.916495, 3
1667060022.929049, 2
1667060022.944755, 3
1667060022.960140, 3
1667060022.972758, 4
1667060022.988777, 3
1667060023.004232, 4
1667060023.016788, 3
1667060023.032082, 4
1667060023.047440, 4
1667060023.059904, 4
1667060023.072346, 5
1667060023.086668, 4
1667060023.099216, 5
1667060023.114467, 4
1667060023.127169, 1
1667060023.139751, 1
1667060023.154613, 2
1667060023.167239, 2
1667060023.182438, 1
1667060023.197656, 2
1667060023.210262, 2
1667060023.222860, 2
1667060023.238679, 1
1667060023.251371, 3
1667060023.266776, 2
1667060023.282167, 2
1667060023.294742, 3
1667060023.310387, 4
1667060023.322863, 4
1667060023.338828, 4
1667060023.354493, 4
1667060023.367269, 5
1667060023.382617, 4
1667060023.397743, 5
1667060023.410249, 4
1667060023.425769, 3
1667060023.441463, 3
1667060023.454243, 1
1667060023.466780, 1
1667060023.482093, 2
1667060023.496713, 0
1667060023.511286, 3
1667060023.523754, 2
1667060023.536389, 1
1667060023.550426, 3
1667060023.563106, 2
1667060023.578579, 2
1667060023.591307, 2
1667060023.604013, 2
1667060023.619054, 3
1667060023.631918, 2
1667060023.644574, 3
1667060023.661227, 3
1667060023.677765, 4
1667060023.690667, 5
1667060023.703423, 4
1667060023.719318, 4
1667060023.731770, 4
1667060023.744413, 5
1667060023.759701, 5
1667060023.772218, 5
1667060023.784927, 3
1667060023.797623, 3
1667060023.810666, 1
1667060023.823350, 3
1667060023.835873, 2
1667060023.850683, 0
1667060023.866485, 2
1667060023.880162, 4
1667060023.897191, 2
1667060023.913620, 2
1667060023.929439, 3
1667060023.945238, 3
1667060023.960972, 2
1667060023.973394, 4
1667060023.985869, 4
1667060024.001488, 4
1667060024.014127, 4
1667060024.026591, 5
1667060024.039371, 4
1667060024.052003, 4
1667060024.064410, 4
1667060024.077254, 4
1667060024.094132, 2
1667060024.107648, 1
1667060024.126211, 2
1667060024.141662, 2
1667060024.157549, 0
1667060024.173002, 2
1667060024.187299, 2
1667060024.199853, 1
1667060024.215973, 3
1667060024.232241, 1
1667060024.245050, 2
1667060024.257748, 3
1667060024.270641, 3
1667060024.283381, 3
1667060024.298836, 2
1667060024.311405, 3
1667060024.326735, 3
1667060024.342169, 4
1667060024.356263, 5
1667060024.369002, 4
1667060024.384640, 5
1667060024.397095, 5
1667060024.409788, 5
1667060024.424386, 5
1667060024.436920, 5
1667060024.449313, 2
1667060024.462747, 2
1667060024.475940, 0
1667060024.488483, 2
1667060024.504357, 3
1667060024.519678, 1
1667060024.532244, 2
1667060024.544883, 3
1667060024.560514, 2
1667060024.573114, 3
1667060024.589046, 1
1667060024.601429, 3
1667060024.613910, 3
1667060024.626442, 2
1667060024.639579, 4
1667060024.652405, 3
1667060024.667378, 4
1667060024.684382, 5
1667060024.701284, 4
1667060024.714679, 5
1667060024.730670, 4
1667060024.745989, 4
1667060024.758454, 2
1667060024.774230, 3
1667060024.786643, 2
1667060024.802561, 0
1667060024.817976, 2
1667060024.830513, 2
1667060024.845855, 1
1667060024.861653, 3
1667060024.874493, 3
1667060024.892034, 2
1667060024.904469, 2
1667060024.917006, 2
1667060024.932782, 3
1667060024.948705, 3
1667060024.961336, 2
1667060024.976624, 4
1667060024.989426, 2
1667060025.001979, 4
1667060025.017617, 5
1667060025.030044, 4
1667060025.045780, 5
1667060025.058162, 5
1667060025.070535, 4
1667060025.083346, 5
1667060025.096660, 5
1667060025.109099, 4
1667060025.124443, 3
1667060025.139750, 2
1667060025.156277, 2
1667060025.168983, 3
1667060025.185060, 2
1667060025.200919, 2
1667060025.213634, 3
1667060025.226490, 2
1667060025.241269, 3
1667060025.253800, 2
1667060025.266651, 2
1667060025.282146, 4
1667060025.294582, 2
1667060025.309835, 4
1667060025.322450, 4
1667060025.338331, 4
1667060025.353599, 5
1667060025.366200, 4
1667060025.381585, 4
1667060025.396929, 4
1667060025.409372, 4
1667060025.424462, 2
1667060025.437133, 1
1667060025.452733, 2
1667060025.468427, 0
1667060025.481062, 3
1667060025.493617, 2
1667060025.508758, 1
1667060025.521375, 4
1667060025.536202, 2
1667060025.548879, 3
1667060025.561523, 2
1667060025.575972, 3
1667060025.588535, 2
1667060025.603049, 3
1667060025.615508, 3
1667060025.628976, 4
1667060025.641570, 3
1667060025.657065, 4
1667060025.673205, 4
1667060025.686188, 4
1667060025.702104, 4
1667060025.717372, 5
1667060025.732368, 5
1667060025.745083, 5
1667060025.760231, 5
1667060025.772814, 4
1667060025.788346, 1
1667060025.800889, 1
1667060025.813388, 3
1667060025.828800, 1
1667060025.841279, 2
1667060025.856682, 2
1667060025.869314, 2
1667060025.885208, 2
1667060025.897790, 3
1667060025.914149, 1
1667060025.929388, 3
1667060025.944436, 4
1667060025.958632, 2
1667060025.972107, 4
1667060025.987385, 4
1667060026.001283, 4
1667060026.017952, 5
1667060026.030961, 4
1667060026.046041, 4
1667060026.061281, 5
1667060026.073707, 3
1667060026.086396, 2
1667060026.102082, 3
1667060026.114939, 1
1667060026.130546, 0
1667060026.146074, 2
1667060026.158685, 2
1667060026.174135, 1
1667060026.186522, 3
1667060026.198843, 1
1667060026.211805, 3
1667060026.224383, 2
1667060026.236804, 2
1667060026.249565, 3
1667060026.264432, 3
1667060026.281274, 2
1667060026.295369, 4
1667060026.307908, 3
1667060026.323827, 4
1667060026.339433, 3
1667060026.351976, 5
1667060026.367814, 4
1667060026.380498, 5
1667060026.393265, 5
1667060026.408251, 5
1667060026.420683, 4
1667060026.433159, 4
1667060026.447710, 2
1667060026.460305, 2
1667060026.473077, 2
1667060026.485489, 2
1667060026.498014, 3
1667060026.513777, 1
1667060026.526383, 2
1667060026.538876, 3
1667060026.553389, 2
1667060026.566109, 2
1667060026.581435, 3
1667060026.596722, 3
1667060026.609342, 3
1667060026.624820, 2
1667060026.637455, 4
1667060026.650329, 4
1667060026.666091, 5
1667060026.678849, 3
1667060026.694258, 5
1667060026.709834, 5
1667060026.722386, 5
1667060026.738335, 4
1667060026.751199, 2
1667060026.763624, 3
1667060026.778161, 0
1667060026.790700, 1
1667060026.806268, 2
1667060026.821206, 1
1667060026.833999, 2
1667060026.849334, 2
1667060026.861883, 1
1667060026.874632, 3
1667060026.890155, 1
1667060026.902598, 3
1667060026.918616, 2
1667060026.931169, 3
1667060026.946738, 3
1667060026.959275, 4
1667060026.975435, 3
1667060026.988876, 4
1667060027.001489, 4
1667060027.017609, 5
1667060027.030477, 4
1667060027.045800, 4
1667060027.061258, 5
1667060027.073962, 5
1667060027.086621, 5
1667060027.101548, 5
1667060027.114127, 1
1667060027.126676, 2
1667060027.139201, 3
1667060027.151658, 1
1667060027.167493, 3
1667060027.180068, 2
1667060027.192536, 1
1667060027.207328, 4
1667060027.220043, 2
1667060027.232593, 2
1667060027.245131, 3
1667060027.260653, 3
1667060027.273417, 3
1667060027.286577, 3
1667060027.300085, 3
1667060027.315560, 4
1667060027.328791, 4
1667060027.346189, 4
1667060027.361988, 5
1667060027.378267, 4
1667060027.394016, 4
1667060027.406684, 3
1667060027.419261, 1
1667060027.435236, 1
1667060027.448384, 3
1667060027.460986, 0
1667060027.475799, 2
1667060027.490416, 2
1667060027.502869, 1
1667060027.518660, 2
1667060027.533392, 1
1667060027.546305, 2
1667060027.561735, 2
1667060027.577033, 2
1667060027.589954, 2
1667060027.602793, 2
1667060027.619090, 3
1667060027.631891, 3
1667060027.647964, 3
1667060027.660630, 3
1667060027.673239, 5
1667060027.688175, 4
1667060027.700749, 5
1667060027.713236, 5
1667060027.727798, 5
1667060027.740268, 5
1667060027.752841, 5
1667060027.768710, 4
1667060027.781114, 1
1667060027.793602, 1
1667060027.806096, 3
1667060027.819355, 1
1667060027.833400, 3
1667060027.845920, 2
1667060027.861931, 1
1667060027.875446, 1
1667060027.893758, 2
1667060027.909057, 3
1667060027.924474, 3
1667060027.939189, 4
1667060027.951785, 2
1667060027.967349, 4
1667060027.979847, 4
1667060027.992482, 4
1667060028.007626, 4
1667060028.020039, 5
1667060028.032833, 5
1667060028.045342, 4
1667060028.060718, 4
1667060028.073137, 3
1667060028.087218, 2
1667060028.102514, 1
1667060028.115839, 1
1667060028.133127, 3
1667060028.149560, 2
1667060028.165449, 1
1667060028.181206, 3
1667060028.196830, 3
1667060028.212755, 2
1667060028.228565, 2
1667060028.241810, 2
1667060028.254619, 3
1667060028.271223, 3
1667060028.283967, 3
1667060028.296754, 3
1667060028.312467, 4
1667060028.325232, 3
1667060028.340773, 5
1667060028.353403, 4
1667060028.369158, 5
1667060028.381692, 5
1667060028.394207, 4
1667060028.409309, 5
1667060028.421758, 5
1667060028.434218, 3
1667060028.450012, 2
1667060028.462642, 2
1667060028.477989, 1
1667060028.493254, 3
1667060028.505859, 2
1667060028.521861, 2
1667060028.534408, 3
1667060028.546895, 2
1667060028.562277, 3
1667060028.574780, 1
1667060028.587429, 3
1667060028.603133, 3
1667060028.615916, 3
1667060028.631384, 4
1667060028.643750, 3
1667060028.656170, 4
1667060028.668686, 4
1667060028.681992, 5
1667060028.694343, 5
1667060028.709432, 4
1667060028.725123, 4
1667060028.737689, 4
1667060028.750350, 1
1667060028.765719, 1
1667060028.778327, 3
1667060028.790634, 0
1667060028.803342, 2
1667060028.815765, 2
1667060028.830303, 1
1667060028.842927, 4
1667060028.858210, 2
1667060028.870699, 2
1667060028.883411, 2
1667060028.898254, 3
1667060028.910930, 2
1667060028.926478, 3
1667060028.939015, 2
1667060028.954736, 4
1667060028.967237, 3
1667060028.979862, 4
1667060028.992373, 4
1667060029.007130, 5
1667060029.021811, 4
1667060029.035214, 4
1667060029.048736, 5
1667060029.064894, 5
1667060029.081729, 4
1667060029.097441, 3
1667060029.110228, 2
1667060029.125514, 0
1667060029.141120, 2
1667060029.153502, 3
1667060029.169478, 2
1667060029.185458, 2
1667060029.198358, 3
1667060029.211065, 0
1667060029.223559, 2
1667060029.236159, 2
1667060029.252720, 3
1667060029.268454, 3
1667060029.281105, 2
1667060029.293747, 4
1667060029.306573, 4
1667060029.319050, 4
1667060029.335014, 3
1667060029.347434, 5
1667060029.363562, 4
1667060029.379097, 5
1667060029.391843, 3
1667060029.407048, 2
1667060029.422253, 3
1667060029.434831, 0
1667060029.450505, 1
1667060029.465927, 3
1667060029.481170, 1
1667060029.494173, 1
1667060029.509139, 3
1667060029.524801, 1
1667060029.541563, 2
1667060029.557678, 2
1667060029.572509, 2
1667060029.586167, 2
1667060029.599492, 3
1667060029.612583, 2
1667060029.625384, 3
1667060029.639423, 4
1667060029.654528, 4
1667060029.670211, 5
1667060029.683414, 4
1667060029.696382, 5
1667060029.709341, 4
1667060029.722636, 5
1667060029.735903, 5
1667060029.748687, 5
1667060029.762129, 5
1667060029.775201, 1
1667060029.788878, 1
1667060029.802196, 3
1667060029.814855, 0
1667060029.827626, 2
1667060029.840510, 1
1667060029.853469, 1
1667060029.866055, 4
1667060029.878709, 2
1667060029.893407, 3
1667060029.906324, 3
1667060029.919319, 2
1667060029.935714, 3
1667060029.950380, 2
1667060029.964271, 4
1667060029.978079, 5
1667060029.994041, 4
1667060030.009906, 4
1667060030.023584, 4
1667060030.040661, 4
1667060030.056485, 4
1667060030.071546, 2
1667060030.084341, 2
1667060030.097109, 1
1667060030.109816, 3
1667060030.122404, 2
1667060030.138352, 0
1667060030.154508, 3
1667060030.167159, 2
1667060030.179755, 2
1667060030.192477, 1
1667060030.205425, 2
1667060030.221233, 2
1667060030.236977, 2
1667060030.249571, 2
1667060030.262452, 2
1667060030.278114, 3
1667060030.290958, 3
1667060030.306866, 4
1667060030.319363, 3
1667060030.335365, 5
1667060030.351127, 4
1667060030.364599, 5
1667060030.381246, 5
1667060030.398264, 4
1667060030.410857, 4
1667060030.423510, 4
1667060030.435876, 2
1667060030.448466, 1
1667060030.463598, 3
1667060030.479397, 1
1667060030.491942, 3
1667060030.507119, 2
1667060030.522523, 2
1667060030.537495, 3
1667060030.550209, 3
1667060030.565773, 1
1667060030.579976, 4
1667060030.592516, 3
1667060030.608892, 2
1667060030.621388, 3
1667060030.640917, 3
1667060030.653562, 4
1667060030.666165, 4
1667060030.682410, 5
1667060030.695033, 5
1667060030.710818, 5
1667060030.726849, 3
1667060030.739574, 2
1667060030.754896, 3
1667060030.769634, 1
1667060030.782315, 1
1667060030.797849, 2
1667060030.812556, 2
1667060030.825323, 1
1667060030.841252, 3
1667060030.856640, 2
1667060030.869412, 2
1667060030.881961, 2
1667060030.897886, 3
1667060030.910526, 2
1667060030.926157, 3
1667060030.939151, 3
1667060030.955600, 3
1667060030.970553, 3
1667060030.983356, 4
1667060030.998600, 5
1667060031.013287, 4
1667060031.026326, 4
1667060031.041682, 5
1667060031.054481, 5
1667060031.067166, 5
1667060031.082651, 4
1667060031.095166, 3
1667060031.111835, 3
1667060031.124519, 0
1667060031.136976, 2
1667060031.151596, 2
1667060031.164109, 0
1667060031.179397, 2
1667060031.192063, 2
1667060031.204947, 1
1667060031.219830, 3
1667060031.232447, 2
1667060031.245009, 2
1667060031.260989, 2
1667060031.273765, 3
1667060031.289241, 4
1667060031.301899, 3
1667060031.314492, 5
1667060031.326976, 3
1667060031.339897, 5
1667060031.356265, 4
1667060031.368854, 4
1667060031.384893, 4
1667060031.399915, 3
1667060031.412494, 2
1667060031.427865, 1
1667060031.440539, 3
1667060031.453179, 1
1667060031.467901, 1
1667060031.480650, 4
1667060031.493144, 1
1667060031.508880, 3
1667060031.521702, 3
1667060031.537683, 2
1667060031.553789, 2
1667060031.566465, 3
1667060031.581715, 3
1667060031.596381, 3
1667060031.609178, 4
1667060031.625213, 3
1667060031.639973, 4
1667060031.653041, 4
1667060031.668680, 4
1667060031.683217, 4
1667060031.695809, 5
1667060031.711680, 5
1667060031.727166, 5
1667060031.740235, 5
1667060031.755691, 4
1667060031.774730, 2
1667060031.790387, 0
1667060031.804498, 2
1667060031.817905, 1
1667060031.830596, 1
1667060031.843650, 2
1667060031.856598, 3
1667060031.872381, 1
1667060031.887048, 3
1667060031.899986, 2
1667060031.912709, 3
1667060031.925410, 2
1667060031.938336, 3
1667060031.951047, 3
1667060031.963961, 3
1667060031.976472, 5
1667060031.989635, 4
1667060032.004942, 5
1667060032.020600, 5
1667060032.034542, 4
1667060032.051392, 4
1667060032.067588, 3
1667060032.083504, 2
1667060032.099369, 1
1667060032.112493, 2
1667060032.125467, 2
1667060032.141350, 2
1667060032.157083, 1
1667060032.170537, 4
1667060032.183464, 2
1667060032.199002, 3
1667060032.212041, 2
1667060032.225011, 3
1667060032.237953, 3
1667060032.253498, 3
1667060032.266474, 2
1667060032.280413, 4
1667060032.293794, 3
1667060032.309180, 4
1667060032.326132, 3
1667060032.340200, 5
1667060032.358530, 5
1667060032.375411, 4
1667060032.392737, 4
1667060032.409619, 4
1667060032.423562, 4
1667060032.436807, 2
1667060032.452525, 0
1667060032.468194, 2
1667060032.480740, 2
1667060032.493339, 1
1667060032.508653, 3
1667060032.521317, 2
1667060032.533691, 2
1667060032.546294, 2
1667060032.559208, 2
1667060032.572165, 2
1667060032.584555, 3
1667060032.597352, 4
1667060032.612348, 3
1667060032.626126, 4
1667060032.642746, 4
1667060032.658833, 4
1667060032.676431, 5
1667060032.693131, 4
1667060032.705765, 4
1667060032.721013, 3
1667060032.736718, 2
1667060032.751595, 3
1667060032.764512, 1
1667060032.779761, 1
1667060032.795088, 3
1667060032.808073, 1
1667060032.820658, 1
1667060032.836843, 3
1667060032.849406, 2
1667060032.862050, 3
1667060032.874712, 1
1667060032.887690, 2
1667060032.900985, 2
1667060032.915530, 4
1667060032.930535, 2
1667060032.946105, 4
1667060032.962102, 4
1667060032.974577, 3
1667060032.987076, 4
1667060033.003041, 5
1667060033.015805, 4
1667060033.031226, 4
1667060033.043843, 5
1667060033.059102, 5
1667060033.074545, 5
1667060033.087207, 4
1667060033.102590, 1
1667060033.115858, 1
1667060033.128384, 3
1667060033.143839, 1
1667060033.156500, 3
1667060033.169117, 2
1667060033.181708, 1
1667060033.196618, 2
1667060033.209080, 1
1667060033.222701, 2
1667060033.236493, 4
1667060033.249994, 2
1667060033.267679, 3
1667060033.283709, 4
1667060033.299491, 4
1667060033.315397, 4
1667060033.328108, 4
1667060033.340688, 4
1667060033.356361, 5
1667060033.368995, 4
1667060033.385013, 4
1667060033.397665, 3
1667060033.410425, 3
1667060033.425371, 1
1667060033.437810, 2
1667060033.450344, 2
1667060033.466360, 1
1667060033.478846, 3
1667060033.494234, 2
1667060033.507279, 1
1667060033.523483, 4
1667060033.537038, 2
1667060033.550510, 2
1667060033.563522, 2
1667060033.578742, 3
1667060033.592270, 3
1667060033.605133, 3
1667060033.618003, 3
1667060033.630928, 4
1667060033.646421, 3
1667060033.658960, 5
1667060033.671430, 5
1667060033.683848, 4
1667060033.696443, 5
1667060033.709892, 4
1667060033.723168, 5
1667060033.736187, 4
1667060033.752092, 5
1667060033.765604, 1
1667060033.783324, 2
1667060033.799561, 1
1667060033.815345, 3
1667060033.829924, 2
1667060033.842449, 0
1667060033.857962, 3
1667060033.873142, 2
1667060033.885934, 1
1667060033.901122, 2
1667060033.913793, 3
1667060033.926547, 3
1667060033.942464, 2
1667060033.954975, 4
1667060033.967464, 4
1667060033.979996, 5
1667060033.993579, 3
1667060034.007072, 4
1667060034.021188, 5
1667060034.034305, 4
1667060034.047759, 3
1667060034.061301, 3
1667060034.074168, 2
1667060034.090135, 1
1667060034.103428, 3
1667060034.116245, 1
1667060034.128893, 1
1667060034.141640, 4
1667060034.155542, 1
1667060034.169665, 3
1667060034.182909, 2
1667060034.196423, 2
1667060034.210132, 3
1667060034.222913, 3
1667060034.235464, 2
1667060034.248071, 2
1667060034.262694, 2
1667060034.275500, 4
1667060034.290871, 3
1667060034.303462, 4
1667060034.315980, 4
1667060034.328355, 4
1667060034.341055, 5
1667060034.356568, 4
1667060034.369013, 5
1667060034.385077, 5
1667060034.400913, 5
1667060034.413535, 4
1667060034.426231, 1
1667060034.442572, 1
1667060034.455548, 3
1667060034.468652, 0
1667060034.481661, 3
1667060034.496988, 1
1667060034.509637, 1
1667060034.522676, 3
1667060034.536842, 2
1667060034.551907, 2
1667060034.569437, 3
1667060034.582475, 2
1667060034.598752, 3
1667060034.611847, 3
1667060034.624768, 3
1667060034.638012, 5
1667060034.650876, 4
1667060034.663630, 5
1667060034.676902, 4
1667060034.689902, 5
1667060034.705747, 4
1667060034.721244, 3
1667060034.737240, 2
1667060034.750228, 1
1667060034.764338, 3
1667060034.778619, 1
1667060034.791233, 2
1667060034.804931, 2
1667060034.819838, 1
1667060034.836798, 3
1667060034.850371, 1
1667060034.863105, 2
1667060034.878720, 2
1667060034.891608, 2
1667060034.907892, 3
1667060034.923774, 3
1667060034.937212, 4
1667060034.952924, 4
1667060034.965634, 3
1667060034.978177, 4
1667060034.991197, 5
1667060035.007010, 4
1667060035.022206, 4
1667060035.035654, 5
1667060035.049079, 4
1667060035.061827, 5
1667060035.074779, 5
1667060035.087718, 4
1667060035.100410, 2
1667060035.113214, 1
1667060035.126163, 1
1667060035.141493, 3
1667060035.154813, 1
1667060035.167698, 2
1667060035.183384, 3
1667060035.196261, 1
1667060035.209081, 3
1667060035.221941, 2
1667060035.234839, 3
1667060035.247830, 2
1667060035.261805, 3
1667060035.275726, 1
1667060035.288741, 4
1667060035.301224, 4
1667060035.313688, 4
1667060035.326260, 4
1667060035.339094, 4
1667060035.354178, 5
1667060035.366611, 4
1667060035.380130, 4
1667060035.395262, 3
1667060035.465572, 2
1667060035.486034, 2
1667060035.499889, 1
1667060035.514546, 2
1667060035.528522, 1
1667060035.541947, 3
1667060035.554815, 1
1667060035.568123, 2
1667060035.580962, 4
1667060035.593662, 2
1667060035.606347, 2
1667060035.619537, 2
1667060035.633484, 2
1667060035.648304, 3
1667060035.663601, 3
1667060035.681271, 3
1667060035.705819, 4
1667060035.722365, 5
1667060035.738182, 4
1667060035.754980, 4
1667060035.772602, 4
1667060035.805595, 4
1667060035.821539, 3
1667060035.840156, 3
1667060035.853488, 1
1667060035.866810, 2
1667060035.880463, 1
1667060035.893934, 2
1667060035.906764, 2
1667060035.919965, 1
1667060035.933250, 3
1667060035.946994, 3
1667060035.960908, 1
1667060035.974546, 3
1667060035.988977, 3
1667060036.003137, 3
1667060036.016767, 4
1667060036.030048, 3
1667060036.044445, 4
1667060036.059397, 4
1667060036.074087, 5
1667060036.091366, 5
1667060036.104604, 4
1667060036.117921, 4
1667060036.130733, 3
1667060036.143790, 1
1667060036.157154, 1
1667060036.170122, 3
1667060036.183231, 0
1667060036.196249, 2
1667060036.209073, 2
1667060036.222341, 1
1667060036.235539, 4
1667060036.248444, 2
1667060036.261432, 4
1667060036.275021, 1
1667060036.288242, 3
1667060036.301612, 2
1667060036.315189, 3
1667060036.328108, 3
1667060036.341042, 4
1667060036.354615, 3
1667060036.367421, 4
1667060036.379998, 3
1667060036.392647, 5
1667060036.405548, 4
1667060036.418636, 4
1667060036.431781, 5
1667060036.445826, 4
1667060036.459777, 4
1667060036.473928, 4
1667060036.490342, 3
1667060036.505264, 2
1667060036.519658, 2
1667060036.534238, 1
1667060036.548494, 3
1667060036.562260, 3
1667060036.588994, 2
1667060036.621661, 2
1667060036.639446, 3
1667060036.653651, 3
1667060036.667707, 3
1667060036.686235, 3
1667060036.701381, 3
1667060036.717176, 4
1667060036.733430, 3
1667060036.748800, 5
1667060036.762835, 5
1667060036.776888, 5
1667060036.793513, 4
1667060036.806513, 2
1667060036.823546, 3
1667060036.838148, 2
1667060036.853037, 1
1667060036.866657, 3
1667060036.880127, 2
1667060036.893883, 2
1667060036.907006, 4
1667060036.920473, 2
1667060036.935735, 3
1667060036.949061, 2
1667060036.962132, 3
1667060036.974944, 2
1667060036.988117, 2
1667060037.000904, 3
1667060037.014514, 4
1667060037.027735, 3
1667060037.042220, 4
1667060037.058669, 4
1667060037.073197, 5
1667060037.088074, 5
1667060037.102065, 5
1667060037.116148, 5
1667060037.129600, 5
1667060037.144434, 4
1667060037.158398, 5
1667060037.171681, 1
1667060037.185651, 2
1667060037.199190, 2
1667060037.212262, 0
1667060037.225791, 3
1667060037.239199, 1
1667060037.252181, 1
1667060037.265171, 4
1667060037.278219, 2
1667060037.290938, 2
1667060037.304878, 4
1667060037.318762, 2
1667060037.333149, 3
1667060037.346953, 3
1667060037.360088, 4
1667060037.373469, 3
1667060037.387485, 4
1667060037.402076, 5
1667060037.415989, 5
1667060037.428985, 5
1667060037.443970, 4
1667060037.457477, 4
1667060037.471763, 2
1667060037.486158, 3
1667060037.499983, 1
1667060037.515281, 1
1667060037.529308, 2
1667060037.542354, 1
1667060037.555767, 2
1667060037.570114, 2
1667060037.583544, 1
1667060037.596768, 4
1667060037.609644, 2
1667060037.622678, 2
1667060037.635901, 2
1667060037.649141, 1
1667060037.662083, 3
1667060037.675088, 3
1667060037.688134, 3
1667060037.700969, 3
1667060037.713780, 4
1667060037.726822, 4
1667060037.739895, 4
1667060037.752990, 4
1667060037.765977, 5
1667060037.778768, 5
1667060037.792532, 4
1667060037.807586, 5
1667060037.821634, 5
1667060037.838423, 1
1667060037.851947, 1
1667060037.865479, 3
1667060037.879677, 2
1667060037.893843, 1
1667060037.908917, 2
1667060037.923687, 1
1667060037.937228, 2
1667060037.952325, 3
1667060037.965370, 1
1667060037.978318, 3
1667060037.991262, 3
1667060038.004080, 3
1667060038.017438, 3
1667060038.030151, 3
1667060038.043160, 5
1667060038.055973, 4
1667060038.069304, 5
1667060038.082044, 5
1667060038.094633, 4
1667060038.107426, 5
1667060038.120263, 4
1667060038.132879, 3
1667060038.145254, 1
1667060038.157639, 1
1667060038.170291, 2
1667060038.183769, 1
1667060038.196792, 2
1667060038.210106, 2
1667060038.223116, 1
1667060038.237740, 4
1667060038.250267, 2
1667060038.266143, 2
1667060038.281680, 3
1667060038.294214, 2
1667060038.309714, 2
1667060038.325124, 2
1667060038.337792, 3
1667060038.350491, 4
1667060038.366434, 3
1667060038.381746, 4
1667060038.394193, 3
1667060038.409768, 4
1667060038.425116, 5
1667060038.437885, 5
1667060038.453558, 5
1667060038.469033, 5
1667060038.481741, 5
1667060038.497305, 2
1667060038.509976, 2
1667060038.522325, 0
1667060038.534712, 2
1667060038.547181, 2
1667060038.559503, 2
1667060038.571976, 2
1667060038.584917, 0
1667060038.598320, 2
1667060038.614908, 3
1667060038.631303, 2
1667060038.647550, 3
1667060038.660280, 2
1667060038.675699, 3
1667060038.688255, 3
1667060038.700929, 4
1667060038.715800, 5
1667060038.728444, 4
1667060038.743710, 5
1667060038.756723, 5
1667060038.769469, 4
1667060038.785165, 3
1667060038.798011, 3
1667060038.813506, 1
1667060038.827464, 1
1667060038.841812, 3
1667060038.863850, 1
1667060038.894512, 1
1667060038.911138, 3
1667060038.928007, 2
1667060038.941737, 4
1667060038.958072, 0
1667060038.973254, 2
1667060038.990320, 3
1667060039.005546, 2
1667060039.018899, 2
1667060039.032117, 3
1667060039.045604, 3
1667060039.060369, 3
1667060039.075848, 4
1667060039.090827, 4
1667060039.107919, 5
1667060039.125432, 4
1667060039.139754, 4
1667060039.153135, 5
1667060039.166063, 5
1667060039.179035, 4
1667060039.191836, 4
1667060039.204935, 2
1667060039.218268, 3
1667060039.231320, 2
1667060039.244135, 2
1667060039.257062, 3
1667060039.270048, 1
1667060039.283475, 3
1667060039.296237, 1
1667060039.308762, 2
1667060039.321579, 3
1667060039.334560, 3
1667060039.347169, 3
1667060039.359940, 2
1667060039.373609, 4
1667060039.388007, 3
1667060039.402082, 3
1667060039.415671, 5
1667060039.428845, 4
1667060039.442274, 4
1667060039.455743, 5
1667060039.469498, 5
1667060039.482739, 4
1667060039.495588, 4
1667060039.508423, 3
1667060039.521465, 3
1667060039.536083, 0
1667060039.554904, 2
1667060039.570797, 2
1667060039.584127, 0
1667060039.596767, 2
1667060039.609587, 3
1667060039.622501, 1
1667060039.635508, 2
1667060039.648179, 2
1667060039.661260, 3
1667060039.674075, 3
1667060039.687552, 3
1667060039.701411, 3
1667060039.718762, 2
1667060039.733093, 3
1667060039.746129, 3
1667060039.759438, 4
1667060039.774205, 4
1667060039.789559, 4
1667060039.803207, 5
1667060039.816900, 5
1667060039.831250, 5
1667060039.845502, 4
1667060039.859079, 5
1667060039.874714, 2
1667060039.891897, 1
1667060039.905345, 4
1667060039.921022, 1
1667060039.936622, 2
1667060039.951443, 2
1667060039.964219, 1
1667060039.977475, 2
1667060039.990408, 2
1667060040.003602, 2
1667060040.022599, 5
1667060040.036417, 3
1667060040.049154, 3
1667060040.062015, 3
1667060040.075286, 3
1667060040.088123, 4
1667060040.101448, 4
1667060040.114573, 4
1667060040.127708, 4
1667060040.140565, 5
1667060040.153900, 4
1667060040.166782, 4
1667060040.179352, 4
1667060040.192151, 1
1667060040.208575, 1
1667060040.224223, 2
1667060040.238021, 2
1667060040.252804, 1
1667060040.270650, 1
1667060040.287168, 3
1667060040.303098, 2
1667060040.318260, 2
1667060040.331282, 3
1667060040.344202, 2
1667060040.356754, 2
1667060040.369307, 3
1667060040.382045, 2
1667060040.394641, 3
1667060040.410231, 3
1667060040.425556, 4
1667060040.438933, 4
1667060040.453769, 5
1667060040.469150, 5
1667060040.485268, 4
1667060040.498860, 4
1667060040.515644, 5
1667060040.531935, 5
1667060040.547070, 2
1667060040.560032, 2
1667060040.573097, 3
1667060040.589187, 1
1667060040.602133, 3
1667060040.615043, 3
1667060040.629939, 0
1667060040.644757, 3
1667060040.657526, 3
1667060040.670314, 2
1667060040.683189, 1
1667060040.695927, 3
1667060040.711602, 3
1667060040.724545, 2
1667060040.737577, 4
1667060040.750083, 4
1667060040.765925, 4
1667060040.779013, 4
1667060040.794266, 4
1667060040.807152, 5
1667060040.820988, 4
1667060040.833748, 3
1667060040.846544, 3
1667060040.859308, 2
1667060040.872569, 1
1667060040.886464, 3
1667060040.899122, 0
1667060040.912953, 1
1667060040.927167, 2
1667060040.940911, 1
1667060040.954878, 2
1667060040.971632, 3
1667060040.988853, 2
1667060041.004849, 3
1667060041.022922, 3
1667060041.036665, 2
1667060041.054430, 3
1667060041.070488, 3
1667060041.083968, 2
1667060041.096413, 3
1667060041.109015, 4
1667060041.121985, 5
1667060041.134894, 4
1667060041.147581, 5
1667060041.159950, 5
1667060041.174340, 5
1667060041.187087, 5
1667060041.202275, 4
1667060041.219331, 3
1667060041.235574, 0
1667060041.248254, 2
1667060041.263987, 3
1667060041.279572, 2
1667060041.294101, 2
1667060041.306893, 3
1667060041.322571, 1
1667060041.338788, 2
1667060041.353534, 4
1667060041.366443, 2
1667060041.379302, 3
1667060041.392271, 3
1667060041.405505, 4
1667060041.418452, 3
1667060041.433529, 4
1667060041.448609, 3
1667060041.461266, 4
1667060041.474022, 5
1667060041.488984, 4
1667060041.501659, 4
1667060041.514591, 3
1667060041.527203, 2
1667060041.542886, 1
1667060041.555840, 1
1667060041.571347, 3
1667060041.586775, 0
1667060041.599636, 3
1667060041.612237, 2
1667060041.627616, 1
1667060041.640305, 3
1667060041.656043, 2
1667060041.671694, 2
1667060041.684411, 2
1667060041.700578, 3
1667060041.713568, 3
1667060041.726246, 3
1667060041.742532, 4
1667060041.755001, 4
1667060041.771867, 3
1667060041.787425, 5
1667060041.800012, 4
1667060041.815572, 5
1667060041.830760, 5
1667060041.844135, 5
1667060041.856621, 5
1667060041.872502, 4
1667060041.884984, 3
1667060041.900763, 1
1667060041.913545, 3
1667060041.926352, 2
1667060041.940697, 2
1667060041.953347, 2
1667060041.968909, 2
1667060041.981515, 3
1667060041.993977, 3
1667060042.009574, 2
1667060042.022107, 3
1667060042.037749, 3
1667060042.050429, 2
1667060042.066061, 4
1667060042.078477, 4
1667060042.094605, 4
1667060042.110074, 4
1667060042.122460, 4
1667060042.135764, 4
1667060042.148234, 4
1667060042.160579, 4
1667060042.173067, 4
1667060042.186710, 2
1667060042.200329, 2
1667060042.214053, 3
1667060042.230113, 1
1667060042.245327, 1
1667060042.261085, 3
1667060042.276949, 3
1667060042.293812, 1
1667060042.306479, 3
1667060042.322765, 2
1667060042.338913, 3
1667060042.351480, 2
1667060042.366684, 3
1667060042.381747, 2
1667060042.397253, 4
1667060042.410753, 3
1667060042.423572, 4
1667060042.439497, 4
1667060042.452023, 4
1667060042.468292, 5
1667060042.483889, 4
1667060042.496516, 4
1667060042.509113, 5
1667060042.524178, 5
1667060042.536792, 4
1667060042.551560, 2
1667060042.564015, 1
1667060042.578972, 2
1667060042.594249, 2
1667060042.607390, 1
1667060042.619848, 2
1667060042.636053, 3
1667060042.652079, 0
1667060042.664575, 2
1667060042.680178, 3
1667060042.695928, 3
1667060042.708517, 3
1667060042.720981, 3
1667060042.733557, 4
1667060042.746031, 4
1667060042.758505, 5
1667060042.771615, 4
1667060042.785099, 5
1667060042.801023, 5
1667060042.815524, 5
1667060042.829054, 4
1667060042.847297, 2
1667060042.863434, 3
1667060042.879514, 2
1667060042.894739, 1
1667060042.907463, 2
1667060042.919947, 1
1667060042.932460, 2
1667060042.945228, 2
1667060042.957810, 1
1667060042.970348, 3
1667060042.983361, 2
1667060042.998103, 2
1667060043.014698, 3
1667060043.027403, 3
1667060043.043378, 2
1667060043.059043, 4
1667060043.072103, 3
1667060043.085035, 3
1667060043.100967, 4
1667060043.113485, 5
1667060043.128535, 4
1667060043.144054, 4
1667060043.160124, 5
1667060043.175079, 5
1667060043.187575, 4
1667060043.201092, 5
1667060043.214753, 2
1667060043.231468, 1
1667060043.244268, 2
1667060043.257109, 2
1667060043.269569, 2
1667060043.281871, 2
1667060043.294720, 2
1667060043.310025, 2
1667060043.322561, 1
1667060043.337693, 2
1667060043.350349, 3
1667060043.365451, 2
1667060043.381005, 3
1667060043.396677, 3
1667060043.412489, 4
1667060043.426051, 4
1667060043.438536, 4
1667060043.453939, 4
1667060043.469210, 5
1667060043.485372, 4
1667060043.498164, 3
1667060043.513661, 2
1667060043.529106, 3
1667060043.541826, 1
1667060043.557765, 1
1667060043.572998, 1
1667060043.587994, 1
1667060043.600636, 0
1667060043.615956, 3
1667060043.629186, 2
1667060043.642043, 2
1667060043.654500, 2
1667060043.669436, 3
1667060043.685174, 2
1667060043.699715, 3
1667060043.713309, 3
1667060043.728223, 4
1667060043.740701, 3
1667060043.753078, 4
1667060043.766079, 4
1667060043.782284, 4
1667060043.798613, 4
1667060043.814963, 5
1667060043.827739, 4
1667060043.843864, 5
1667060043.859455, 5
1667060043.872128, 2
1667060043.887506, 3
1667060043.900539, 2
1667060043.913043, 1
1667060043.928247, 3
1667060043.941047, 1
1667060043.953617, 2
1667060043.969496, 3
1667060043.984999, 1
1667060044.001871, 2
1667060044.017568, 3
1667060044.030368, 3
1667060044.042957, 3
1667060044.059055, 4
1667060044.071631, 4
1667060044.087596, 4
1667060044.100225, 4
1667060044.116085, 5
1667060044.132112, 5
1667060044.144806, 4
1667060044.157337, 4
1667060044.172142, 3
1667060044.187534, 2
1667060044.202232, 1
1667060044.215076, 2
1667060044.230797, 2
1667060044.245981, 0
1667060044.258655, 3
1667060044.271387, 2
1667060044.286277, 1
1667060044.299592, 3
1667060044.312047, 2
1667060044.324482, 2
1667060044.337064, 2
1667060044.352778, 2
1667060044.365298, 3
1667060044.380528, 3
1667060044.393221, 3
1667060044.408658, 4
1667060044.423585, 4
1667060044.438536, 4
1667060044.451109, 4
1667060044.466780, 5
1667060044.482226, 5
1667060044.495091, 4
1667060044.507571, 5
1667060044.523280, 5
1667060044.535770, 2
1667060044.553031, 2
1667060044.565444, 2
1667060044.578252, 1
1667060044.593034, 3
1667060044.605440, 1
1667060044.617940, 1
1667060044.633732, 3
1667060044.646116, 2
1667060044.661542, 2
1667060044.676579, 2
1667060044.691510, 2
1667060044.706840, 4
1667060044.719347, 3
1667060044.734758, 4
1667060044.750105, 5
1667060044.762966, 4
1667060044.777959, 5
1667060044.793227, 4
1667060044.805755, 5
1667060044.818162, 4
1667060044.832609, 4
1667060044.845088, 2
1667060044.857805, 3
1667060044.870690, 1
1667060044.886182, 2
1667060044.898607, 2
1667060044.911055, 0
1667060044.923551, 3
1667060044.936069, 2
1667060044.949383, 2
1667060044.962625, 2
1667060044.975363, 2
1667060044.991150, 2
1667060045.006320, 2
1667060045.018997, 2
1667060045.031718, 3
1667060045.046784, 2
1667060045.059358, 3
1667060045.072247, 4
1667060045.084618, 4
1667060045.100722, 4
1667060045.113117, 5
1667060045.125599, 4
1667060045.140108, 5
1667060045.153064, 4
1667060045.168239, 5
1667060045.183877, 5
1667060045.196378, 4
1667060045.211532, 2
1667060045.224522, 1
1667060045.237172, 2
1667060045.253440, 4
1667060045.269084, 1
1667060045.281762, 2
1667060045.294450, 3
1667060045.309679, 2
1667060045.322296, 1
1667060045.334919, 3
1667060045.350929, 3
1667060045.363699, 2
1667060045.379400, 3
1667060045.392068, 3
1667060045.404507, 4
1667060045.418914, 4
1667060045.434495, 4
1667060045.450755, 5
1667060045.463224, 5
1667060045.477436, 4
1667060045.490523, 4
1667060045.503456, 3
1667060045.519581, 1
1667060045.532946, 0
1667060045.550521, 2
1667060045.566749, 2
1667060045.579284, 0
1667060045.592103, 3
1667060045.608297, 2
1667060045.623892, 2
1667060045.636633, 4
1667060045.649141, 2
1667060045.663617, 2
1667060045.676024, 2
1667060045.691463, 3
1667060045.704228, 2
1667060045.719455, 4
1667060045.732215, 3
1667060045.744834, 4
1667060045.757270, 4
1667060045.769782, 5
1667060045.786709, 4
1667060045.802536, 5
1667060045.817320, 4
1667060045.829868, 4
1667060045.845298, 5
1667060045.857932, 5
1667060045.873312, 2
1667060045.887859, 2
1667060045.900383, 2
1667060045.916164, 1
1667060045.932058, 2
1667060045.945227, 3
1667060045.960065, 2
1667060045.972688, 3
1667060045.985112, 2
1667060046.001035, 2
1667060046.013442, 4
1667060046.025911, 2
1667060046.038386, 4
1667060046.051522, 3
1667060046.066845, 4
1667060046.080203, 5
1667060046.097084, 4
1667060046.113147, 5
1667060046.129005, 5
1667060046.141617, 4
1667060046.157622, 4
1667060046.170137, 3
1667060046.185797, 1
1667060046.198344, 1
1667060046.211297, 3
1667060046.226169, 0
1667060046.238655, 2
1667060046.254021, 2
1667060046.266513, 1
1667060046.282069, 3
1667060046.294590, 2
1667060046.307049, 2
1667060046.321125, 3
1667060046.336503, 2
1667060046.348976, 2
1667060046.363236, 3
1667060046.377167, 3
1667060046.389593, 4
1667060046.402505, 3
1667060046.417936, 4
1667060046.432603, 3
1667060046.446012, 4
1667060046.463924, 5
1667060046.480366, 5
1667060046.496204, 5
1667060046.511858, 4
1667060046.524446, 4
1667060046.542010, 2
1667060046.556961, 1
1667060046.569906, 2
1667060046.586120, 1
1667060046.598704, 2
1667060046.611431, 2
1667060046.627152, 2
1667060046.642755, 2
1667060046.655572, 2
1667060046.671237, 2
1667060046.687139, 3
1667060046.699995, 3
1667060046.716064, 2
1667060046.731870, 4
1667060046.744564, 4
1667060046.757115, 4
1667060046.772106, 4
1667060046.784652, 5
1667060046.797174, 4
1667060046.810789, 4
1667060046.823482, 4
1667060046.835951, 4
1667060046.851919, 2
1667060046.864479, 1
1667060046.879993, 2
1667060046.892579, 0
1667060046.908511, 1
1667060046.924010, 2
1667060046.936578, 1
1667060046.948998, 3
1667060046.963686, 2
1667060046.976210, 3
1667060046.991727, 2
1667060047.004726, 4
1667060047.017156, 2
1667060047.032874, 3
1667060047.045318, 2
1667060047.061463, 4
1667060047.074046, 3
1667060047.089355, 3
1667060047.105026, 4
1667060047.117732, 4
1667060047.133273, 5
1667060047.149087, 5
1667060047.161593, 5
1667060047.177072, 5
1667060047.192317, 5
1667060047.204855, 2
1667060047.220232, 2
1667060047.242499, 3
1667060047.258928, 1
1667060047.271632, 3
1667060047.286886, 3
1667060047.299640, 3
1667060047.312308, 2
1667060047.328132, 2
1667060047.340559, 4
1667060047.353051, 2
1667060047.365927, 2
1667060047.378504, 2
1667060047.391536, 3
1667060047.404226, 4
1667060047.418872, 4
1667060047.436425, 4
1667060047.453164, 4
1667060047.465799, 5
1667060047.478618, 5
1667060047.494605, 4
1667060047.509951, 4
1667060047.522453, 3
1667060047.538284, 4
1667060047.550751, 1
1667060047.563400, 2
1667060047.577934, 2
1667060047.590440, 0
1667060047.605755, 3
1667060047.621131, 2
1667060047.633684, 1
1667060047.649399, 3
1667060047.664984, 2
1667060047.677480, 4
1667060047.693157, 2
1667060047.707772, 3
1667060047.720639, 2
1667060047.736199, 3
1667060047.748819, 3
1667060047.761533, 3
1667060047.776142, 4
1667060047.788560, 5
1667060047.803812, 4
1667060047.816374, 5
1667060047.828999, 5
1667060047.844128, 3
1667060047.859440, 3
1667060047.872483, 4
1667060047.884980, 2
1667060047.897573, 4
1667060047.913372, 2
1667060047.925829, 2
1667060047.938365, 1
1667060047.953013, 2
1667060047.965743, 3
1667060047.978424, 1
1667060047.993870, 2
1667060048.006436, 3
1667060048.022242, 1
1667060048.035064, 3
1667060048.051268, 3
1667060048.067470, 2
1667060048.080282, 4
1667060048.095720, 3
1667060048.110584, 4
1667060048.128289, 5
1667060048.141774, 4
1667060048.158511, 4
1667060048.174787, 3
1667060048.192481, 2
1667060048.209316, 3
1667060048.225288, 1
1667060048.237821, 2
1667060048.250329, 2
1667060048.266412, 2
1667060048.282160, 1
1667060048.294827, 3
1667060048.310410, 1
1667060048.325740, 2
1667060048.338259, 3
1667060048.350803, 3
1667060048.363346, 2
1667060048.375908, 3
1667060048.388365, 2
1667060048.403518, 3
1667060048.417443, 4
1667060048.429807, 4
1667060048.445667, 4
1667060048.461241, 5
1667060048.474666, 4
1667060048.487176, 5
1667060048.502994, 4
1667060048.518783, 5
1667060048.531439, 5
1667060048.547167, 4
1667060048.559906, 1
1667060048.572427, 1
1667060048.587426, 3
1667060048.601883, 1
1667060048.614635, 1
1667060048.630320, 3
1667060048.642902, 2
1667060048.655623, 1
1667060048.671399, 3
1667060048.684029, 2
1667060048.696472, 3
1667060048.708950, 3
1667060048.722650, 3
1667060048.735049, 3
1667060048.750155, 3
1667060048.765513, 4
1667060048.781211, 4
1667060048.796985, 5
1667060048.809526, 5
1667060048.821904, 4
1667060048.837477, 4
1667060048.849975, 3
1667060048.866105, 2
1667060048.878680, 1
1667060048.894589, 2
1667060048.910002, 2
1667060048.922402, 1
1667060048.935103, 3
1667060048.949392, 2
1667060048.965402, 1
1667060048.980764, 3
1667060048.993278, 2
1667060049.005620, 2
1667060049.020297, 3
1667060049.036087, 3
1667060049.052368, 2
1667060049.068343, 4
1667060049.081070, 3
1667060049.093709, 4
1667060049.109117, 3
1667060049.121500, 4
1667060049.134010, 5
1667060049.146366, 5
1667060049.158961, 5
1667060049.172028, 4
1667060049.185964, 5
1667060049.199484, 5
1667060049.215528, 2
1667060049.231175, 2
1667060049.246876, 3
1667060049.259990, 1
1667060049.272523, 3
1667060049.288619, 3
1667060049.304329, 1
1667060049.316927, 3
1667060049.329468, 3
1667060049.343713, 2
1667060049.356450, 1
1667060049.369047, 2
1667060049.384024, 3
1667060049.396642, 2
1667060049.409534, 4
1667060049.423658, 4
1667060049.436025, 4
1667060049.448636, 4
1667060049.463979, 4
1667060049.477354, 4
1667060049.494616, 4
1667060049.511179, 3
1667060049.526853, 2
1667060049.539597, 3
1667060049.552349, 1
1667060049.568408, 1
1667060049.584614, 2
1667060049.597208, 1
1667060049.609782, 1
1667060049.624911, 3
1667060049.639285, 2
1667060049.651825, 3
1667060049.667839, 2
1667060049.680561, 3
1667060049.693001, 2
1667060049.708193, 3
1667060049.720988, 2
1667060049.733709, 3
1667060049.746137, 3
1667060049.758784, 4
1667060049.774607, 4
1667060049.787155, 5
1667060049.799588, 4
1667060049.812051, 5
1667060049.825105, 4
1667060049.840724, 5
1667060049.853633, 5
1667060049.866383, 4
1667060049.881685, 2
1667060049.894827, 3
1667060049.908435, 0
1667060049.920932, 2
1667060049.933612, 2
1667060049.946076, 2
1667060049.959052, 2
1667060049.972169, 1
1667060049.985248, 2
1667060049.998132, 2
1667060050.011245, 1
1667060050.024269, 4
1667060050.037409, 2
1667060050.050605, 3
1667060050.063658, 3
1667060050.076494, 3
1667060050.089608, 4
1667060050.102982, 4
1667060050.116048, 3
1667060050.128969, 5
1667060050.142005, 5
1667060050.155158, 5
1667060050.168387, 3
1667060050.181624, 4
1667060050.195290, 1
1667060050.209402, 1
1667060050.222577, 3
1667060050.236050, 2
1667060050.253369, 1
1667060050.268020, 4
1667060050.281626, 2
1667060050.301109, 2
1667060050.319225, 2
1667060050.335854, 2
1667060050.352281, 2
1667060050.370772, 3
1667060050.387481, 3
1667060050.403544, 3
1667060050.421384, 3
1667060050.437877, 3
1667060050.450576, 5
1667060050.463150, 4
1667060050.479078, 5
1667060050.491942, 4
1667060050.504765, 5
1667060050.519210, 5
1667060050.534735, 4
1667060050.551370, 2
1667060050.564153, 2
1667060050.578677, 3
1667060050.591303, 0
1667060050.606870, 2
1667060050.620479, 2
1667060050.632955, 0
1667060050.648918, 2
1667060050.665117, 2
1667060050.677673, 2
1667060050.693177, 3
1667060050.708688, 3
1667060050.721796, 3
1667060050.734382, 4
1667060050.749109, 4
1667060050.761765, 4
1667060050.776542, 4
1667060050.790900, 5
1667060050.803778, 5
1667060050.819349, 4
1667060050.832246, 4
1667060050.845075, 3
1667060050.860865, 2
1667060050.873272, 1
1667060050.888937, 2
1667060050.901385, 1
1667060050.913955, 3
1667060050.926321, 1
1667060050.939901, 1
1667060050.955175, 4
1667060050.968475, 2
1667060050.987158, 2
1667060051.005296, 2
1667060051.021588, 3
1667060051.034160, 3
1667060051.051088, 2
1667060051.063781, 4
1667060051.079529, 3
1667060051.092041, 4
1667060051.104745, 4
1667060051.119642, 4
1667060051.132496, 4
1667060051.144904, 4
1667060051.160402, 5
1667060051.173069, 5
1667060051.185718, 5
1667060051.198448, 4
1667060051.211257, 3
1667060051.226064, 3
1667060051.238828, 0
1667060051.253564, 3
1667060051.266016, 1
1667060051.280652, 1
1667060051.293101, 3
1667060051.306506, 2
1667060051.319723, 2
1667060051.333431, 3
1667060051.350346, 3
1667060051.366844, 2
1667060051.379661, 3
1667060051.395833, 3
1667060051.411460, 4
1667060051.424232, 5
1667060051.440171, 5
1667060051.452837, 5
1667060051.467943, 4
1667060051.480660, 5
1667060051.493267, 4
1667060051.505726, 4
1667060051.519204, 3
1667060051.531856, 3
1667060051.548006, 1
1667060051.564115, 0
1667060051.580519, 2
1667060051.597476, 4
1667060051.613907, 2
1667060051.630537, 1
1667060051.643238, 4
1667060051.660098, 2
1667060051.675385, 3
1667060051.690646, 2
1667060051.703466, 2
1667060051.718739, 2
1667060051.731458, 4
1667060051.744115, 3
1667060051.756715, 4
1667060051.769306, 4
1667060051.781718, 4
1667060051.796973, 4
1667060051.809756, 5
1667060051.825684, 5
1667060051.841199, 5
1667060051.858259, 5
1667060051.875571, 4
1667060051.888188, 1
1667060051.900826, 1
1667060051.913223, 2
1667060051.928740, 1
1667060051.941245, 2
1667060051.956966, 3
1667060051.972466, 2
1667060051.984930, 1
1667060052.001088, 3
1667060052.016875, 1
1667060052.029281, 3
1667060052.041792, 2
1667060052.054381, 3
1667060052.070231, 4
1667060052.085606, 4
1667060052.098118, 4
1667060052.113609, 4
1667060052.128949, 5
1667060052.144484, 4
1667060052.159388, 4
1667060052.173665, 4
1667060052.186146, 2
1667060052.202239, 3
1667060052.215044, 1
1667060052.230349, 1
1667060052.245679, 2
1667060052.260846, 2
1667060052.273548, 2
1667060052.286273, 3
1667060052.300941, 2
1667060052.313382, 2
1667060052.329102, 3
1667060052.344211, 3
1667060052.356807, 2
1667060052.369342, 3
1667060052.384459, 2
1667060052.397019, 4
1667060052.409735, 3
1667060052.425122, 4
1667060052.437631, 4
1667060052.449971, 5
1667060052.462336, 4
1667060052.475069, 5
1