1667098641.184013, 0
1667098641.200988, 0
1667098641.215022, 2
1667098641.229223, 0
1667098641.243457, 2
1667098641.259190, 6
1667098641.273251, 4
1667098641.287194, 10
1667098641.300398, 15
1667098641.313964, 17
1667098641.327062, 18
1667098641.340391, 21
1667098641.353395, 26
1667098641.366430, 29
1667098641.379236, 32
1667098641.392071, 36
1667098641.405031, 40
1667098641.417996, 41
1667098641.430877, 46
1667098641.443783, 48
1667098641.456665, 53
1667098641.469506, 55
1667098641.482257, 60
1667098641.495055, 65
1667098641.508039, 66
1667098641.521748, 70
1667098641.535973, 76
1667098641.549120, 80
1667098641.562477, 83
1667098641.575327, 87
1667098641.589416, 91
1667098641.603441, 95
1667098641.617590, 97
1667098641.630679, 102
1667098641.643760, 106
1667098641.656750, 109
1667098641.669961, 113
1667098641.682930, 116
1667098641.695911, 120
1667098641.708777, 122
1667098641.721710, 127
1667098641.734992, 131
1667098641.747738, 134
1667098641.760700, 138
1667098641.773433, 141
1667098641.786446, 145
1667098641.799278, 147
1667098641.812154, 150
1667098641.825018, 149
1667098641.837794, 150
1667098641.850638, 150
1667098641.864137, 149
1667098641.877662, 150
1667098641.891085, 150
1667098641.904753, 150
1667098641.918326, 150
1667098641.931293, 150
1667098641.944863, 150
1667098641.959379, 150
1667098641.973432, 150
1667098641.986674, 150
1667098641.999743, 149
1667098642.012761, 150
1667098642.025623, 150
1667098642.038418, 150
1667098642.051325, 150
1667098642.064154, 150
1667098642.076971, 150
1667098642.089782, 149
1667098642.103181, 150
1667098642.116616, 150
1667098642.130043, 150
1667098642.143751, 149
1667098642.157473, 150
1667098642.171096, 150
1667098642.184461, 150
1667098642.198309, 150
1667098642.211871, 150
1667098642.225516, 150
1667098642.239227, 150
1667098642.253007, 149
1667098642.266593, 150
1667098642.280147, 150
1667098642.293629, 150
1667098642.307118, 150
1667098642.320555, 150
1667098642.333948, 150
1667098642.347929, 150
1667098642.361522, 150
1667098642.375099, 150
1667098642.388925, 150
1667098642.402307, 149
1667098642.416003, 150
1667098642.429605, 150
1667098642.442997, 149
1667098642.456501, 149
1667098642.469976, 150
1667098642.483772, 150
1667098642.497094, 150
1667098642.510774, 149
1667098642.524505, 150
1667098642.538084, 150
1667098642.551842, 150
1667098642.565638, 149
1667098642.579236, 150
1667098642.593001, 150
1667098642.606559, 150
1667098642.619990, 149
1667098642.633649, 150
1667098642.647055, 150
1667098642.660476, 150
1667098642.674241, 150
1667098642.687805, 150
1667098642.702859, 149
1667098642.717605, 150
1667098642.731244, 150
1667098642.744490, 150
1667098642.758097, 150
1667098642.771405, 150
1667098642.785008, 150
1667098642.798490, 150
1667098642.811969, 150
1667098642.825615, 150
1667098642.838912, 149
1667098642.851908, 150
1667098642.865739, 150
1667098642.880104, 150
1667098642.893415, 149
1667098642.906621, 150
1667098642.919918, 150
1667098642.933049, 149
1667098642.946113, 150
1667098642.959177, 150
1667098642.971949, 149
1667098642.984819, 150
1667098642.997609, 149
1667098643.010599, 150
1667098643.023503, 150
1667098643.036333, 150
1667098643.049438, 149
1667098643.062968, 150
1667098643.075920, 149
1667098643.088727, 149
1667098643.101640, 149
1667098643.116224, 150
1667098643.130596, 150
1667098643.144437, 150
1667098643.158824, 150
1667098643.172957, 149
1667098643.186943, 150
1667098643.200397, 150
1667098643.213481, 150
1667098643.226710, 149
1667098643.239944, 150
1667098643.252868, 150
1667098643.265734, 149
1667098643.278669, 150
1667098643.291565, 150
1667098643.304396, 150
1667098643.317296, 150
1667098643.330159, 150
1667098643.342922, 150
1667098643.355687, 150
1667098643.368573, 149
1667098643.381493, 150
1667098643.394424, 149
1667098643.407296, 150
1667098643.420080, 149
1667098643.432871, 147
1667098643.445663, 148
1667098643.458473, 148
1667098643.471886, 148
1667098643.485011, 149
1667098643.499011, 148
1667098643.512758, 145
1667098643.525679, 146
1667098643.538465, 145
1667098643.551421, 145
1667098643.564338, 146
1667098643.577158, 145
1667098643.590052, 146
1667098643.602823, 145
1667098643.615700, 146
1667098643.628555, 148
1667098643.641529, 146
1667098643.654426, 145
1667098643.667272, 146
1667098643.680003, 145
1667098643.692826, 150
1667098643.705663, 148
1667098643.718482, 144
1667098643.732409, 144
1667098643.745828, 143
1667098643.759487, 143
1667098643.772915, 144
1667098643.786538, 144
1667098643.799827, 144
1667098643.813196, 144
1667098643.826615, 146
1667098643.840183, 144
1667098643.853616, 144
1667098643.866685, 143
1667098643.880445, 144
1667098643.894421, 147
1667098643.908263, 149
1667098643.922428, 148
1667098643.935471, 147
1667098643.948675, 149
1667098643.961525, 149
1667098643.974331, 149
1667098643.987164, 149
1667098644.000056, 150
1667098644.012963, 149
1667098644.025808, 150
1667098644.038630, 149
1667098644.051511, 150
1667098644.064308, 150
1667098644.077541, 149
1667098644.090606, 146
1667098644.103553, 145
1667098644.116877, 146
1667098644.129746, 146
1667098644.142526, 147
1667098644.155374, 150
1667098644.168327, 149
1667098644.181647, 146
1667098644.195049, 144
1667098644.208534, 141
1667098644.222064, 140
1667098644.235449, 137
1667098644.249169, 135
1667098644.262477, 134
1667098644.275911, 132
1667098644.289342, 129
1667098644.302837, 126
1667098644.316893, 125
1667098644.329807, 123
1667098644.342780, 118
1667098644.355994, 112
1667098644.369160, 106
1667098644.382078, 102
1667098644.394863, 99
1667098644.407831, 96
1667098644.420655, 99
1667098644.433531, 98
1667098644.446439, 99
1667098644.459273, 99
1667098644.472102, 98
1667098644.484900, 99
1667098644.497867, 99
1667098644.510829, 98
1667098644.523654, 99
1667098644.536483, 101
1667098644.549323, 102
1667098644.562150, 100
1667098644.574908, 100
1667098644.588258, 100
1667098644.601736, 100
1667098644.614831, 100
1667098644.628531, 99
1667098644.642347, 99
1667098644.655226, 98
1667098644.668095, 98
1667098644.681279, 102
1667098644.694270, 98
1667098644.707088, 97
1667098644.719899, 98
1667098644.732645, 97
1667098644.745523, 98
1667098644.758390, 98
1667098644.771247, 96
1667098644.784081, 97
1667098644.796889, 96
1667098644.809740, 97
1667098644.822654, 100
1667098644.835610, 96
1667098644.848446, 96
1667098644.861260, 96
1667098644.874054, 96
1667098644.887579, 96
1667098644.901075, 97
1667098644.914714, 95
1667098644.928217, 94
1667098644.941796, 96
1667098644.955436, 98
1667098644.968997, 98
1667098644.982526, 95
1667098644.995986, 95
1667098645.011555, 96
1667098645.025023, 96
1667098645.038266, 97
1667098645.051740, 94
1667098645.065272, 96
1667098645.078635, 96
1667098645.092134, 96
1667098645.105580, 97
1667098645.118844, 93
1667098645.132297, 90
1667098645.146190, 89
1667098645.159677, 89
1667098645.172682, 90
1667098645.186424, 92
1667098645.200397, 88
1667098645.214379, 87
1667098645.228071, 89
1667098645.241179, 90
1667098645.253973, 92
1667098645.267161, 88
1667098645.280283, 86
1667098645.293223, 83
1667098645.306154, 84
1667098645.318930, 85
1667098645.331851, 86
1667098645.344649, 85
1667098645.357619, 83
1667098645.370474, 85
1667098645.383282, 86
1667098645.396081, 88
1667098645.408949, 86
1667098645.421921, 84
1667098645.434617, 82
1667098645.447546, 80
1667098645.461419, 83
1667098645.474964, 84
1667098645.489108, 83
1667098645.502081, 82
1667098645.514951, 82
1667098645.527714, 83
1667098645.540608, 85
1667098645.553751, 82
1667098645.566566, 83
1667098645.579346, 80
1667098645.592246, 79
1667098645.605070, 79
1667098645.617900, 82
1667098645.630708, 79
1667098645.643547, 79
1667098645.656302, 79
1667098645.669300, 83
1667098645.682331, 84
1667098645.695157, 83
1667098645.707947, 82
1667098645.720683, 80
1667098645.733485, 79
1667098645.746501, 78
1667098645.759946, 82
1667098645.773280, 80
1667098645.786630, 78
1667098645.800348, 78
1667098645.814035, 81
1667098645.827853, 82
1667098645.841124, 83
1667098645.854693, 82
1667098645.868206, 80
1667098645.882046, 77
1667098645.895913, 78
1667098645.909626, 82
1667098645.923344, 79
1667098645.936178, 78
1667098645.949096, 77
1667098645.962053, 80
1667098645.974908, 81
1667098645.987906, 82
1667098646.000841, 81
1667098646.013790, 81
1667098646.026680, 78
1667098646.039705, 77
1667098646.052638, 77
1667098646.065696, 81
1667098646.078567, 77
1667098646.091401, 75
1667098646.104232, 76
1667098646.117154, 78
1667098646.130081, 80
1667098646.142880, 79
1667098646.155615, 79
1667098646.168341, 78
1667098646.181802, 75
1667098646.195417, 74
1667098646.208309, 77
1667098646.222182, 78
1667098646.236099, 76
1667098646.250032, 73
1667098646.263326, 75
1667098646.276398, 76
1667098646.289680, 77
1667098646.303070, 76
1667098646.316075, 77
1667098646.328937, 74
1667098646.341920, 71
1667098646.354879, 71
1667098646.367726, 73
1667098646.380609, 74
1667098646.393445, 71
1667098646.406344, 70
1667098646.419235, 71
1667098646.432050, 73
1667098646.444930, 73
1667098646.457745, 73
1667098646.470987, 73
1667098646.484102, 70
1667098646.496929, 70
1667098646.509787, 69
1667098646.522957, 71
1667098646.537464, 71
1667098646.550528, 68
1667098646.563337, 70
1667098646.576205, 71
1667098646.589365, 71
1667098646.602546, 71
1667098646.615425, 72
1667098646.628346, 72
1667098646.641515, 71
1667098646.654558, 69
1667098646.667426, 70
1667098646.680244, 71
1667098646.693286, 71
1667098646.706161, 68
1667098646.719081, 69
1667098646.731966, 70
1667098646.744762, 69
1667098646.757548, 71
1667098646.771038, 71
1667098646.784362, 70
1667098646.797899, 69
1667098646.811371, 68
1667098646.824852, 68
1667098646.838808, 70
1667098646.852600, 70
1667098646.866698, 67
1667098646.880625, 69
1667098646.893686, 70
1667098646.906843, 70
1667098646.919759, 71
1667098646.932566, 72
1667098646.945388, 72
1667098646.958480, 70
1667098646.971608, 71
1667098646.984446, 69
1667098646.997310, 70
1667098647.010027, 70
1667098647.022948, 67
1667098647.035748, 68
1667098647.048454, 68
1667098647.061199, 68
1667098647.074039, 69
1667098647.086838, 70
1667098647.099631, 70
1667098647.112755, 69
1667098647.126146, 67
1667098647.139963, 68
1667098647.154056, 68
1667098647.168316, 68
1667098647.182257, 67
1667098647.195334, 68
1667098647.208331, 67
1667098647.221326, 69
1667098647.234127, 68
1667098647.247209, 68
1667098647.260128, 70
1667098647.272856, 70
1667098647.285866, 68
1667098647.298770, 68
1667098647.311587, 69
1667098647.324498, 69
1667098647.337231, 68
1667098647.350252, 69
1667098647.363037, 68
1667098647.375867, 69
1667098647.388731, 69
1667098647.401753, 69
1667098647.414577, 70
1667098647.427329, 69
1667098647.440104, 69
1667098647.453515, 68
1667098647.467046, 68
1667098647.480556, 69
1667098647.494272, 68
1667098647.507873, 68
1667098647.521460, 68
1667098647.534909, 68
1667098647.547802, 68
1667098647.561285, 69
1667098647.574188, 69
1667098647.586983, 71
1667098647.600005, 71
1667098647.612967, 69
1667098647.625756, 70
1667098647.639025, 70
1667098647.651896, 70
1667098647.664889, 67
1667098647.677791, 68
1667098647.690912, 69
1667098647.703854, 69
1667098647.716864, 69
1667098647.729574, 69
1667098647.742647, 69
1667098647.755606, 70
1667098647.768553, 70
1667098647.781384, 68
1667098647.794181, 69
1667098647.807031, 69
1667098647.820619, 68
1667098647.834325, 68
1667098647.847671, 69
1667098647.861195, 69
1667098647.874533, 68
1667098647.888022, 69
1667098647.901562, 70
1667098647.914978, 70
1667098647.929285, 69
1667098647.943137, 68
1667098647.957354, 69
1667098647.971409, 68
1667098647.984618, 67
1667098647.997846, 66
1667098648.010959, 64
1667098648.024616, 64
1667098648.037722, 65
1667098648.050618, 63
1667098648.063388, 63
1667098648.076113, 64
1667098648.089085, 64
1667098648.102124, 63
1667098648.114996, 63
1667098648.127937, 63
1667098648.140771, 64
1667098648.153635, 64
1667098648.166599, 63
1667098648.179598, 64
1667098648.192653, 64
1667098648.205482, 63
1667098648.218257, 63
1667098648.231123, 64
1667098648.244013, 65
1667098648.257577, 65
1667098648.271227, 64
1667098648.284945, 65
1667098648.298647, 65
1667098648.313060, 64
1667098648.327152, 64
1667098648.340961, 64
1667098648.354846, 65
1667098648.368925, 65
1667098648.383017, 64
1667098648.396451, 64
1667098648.409581, 65
1667098648.423073, 64
1667098648.436126, 65
1667098648.449092, 65
1667098648.461947, 65
1667098648.475064, 64
1667098648.487873, 65
1667098648.500791, 64
1667098648.513671, 65
1667098648.526884, 64
1667098648.539954, 65
1667098648.552738, 65
1667098648.565696, 65
1667098648.578758, 66
1667098648.591563, 65
1667098648.604478, 66
1667098648.617256, 66
1667098648.630100, 65
1667098648.644499, 66
1667098648.658511, 65
1667098648.672749, 66
1667098648.687682, 66
1667098648.702203, 65
1667098648.716992, 65
1667098648.731219, 66
1667098648.745490, 66
1667098648.759572, 65
1667098648.772738, 65
1667098648.785805, 66
1667098648.799003, 66
1667098648.811962, 65
1667098648.825436, 66
1667098648.838433, 66
1667098648.851529, 66
1667098648.864517, 66
1667098648.877385, 66
1667098648.890447, 66
1667098648.903412, 66
1667098648.916154, 65
1667098648.929170, 67
1667098648.941963, 66
1667098648.954732, 67
1667098648.967470, 67
1667098648.980456, 67
1667098648.993843, 67
1667098649.007487, 66
1667098649.021122, 67
1667098649.033914, 67
1667098649.048156, 67
1667098649.062428, 67
1667098649.076462, 67
1667098649.090057, 67
1667098649.103183, 67
1667098649.116176, 67
1667098649.129441, 67
1667098649.142429, 67
1667098649.155388, 67
1667098649.168179, 67
1667098649.181298, 66
1667098649.194062, 67
1667098649.206979, 67
1667098649.219968, 67
1667098649.233036, 67
1667098649.245784, 66
1667098649.258514, 68
1667098649.271339, 68
1667098649.284266, 68
1667098649.297077, 68
1667098649.309862, 67
1667098649.322773, 68
1667098649.336333, 68
1667098649.349903, 68
1667098649.363335, 67
1667098649.376730, 67
1667098649.390378, 68
1667098649.404170, 68
1667098649.417674, 67
1667098649.431199, 67
1667098649.445003, 68
1667098649.458436, 68
1667098649.472048, 68
1667098649.486528, 68
1667098649.500051, 68
1667098649.514540, 67
1667098649.528487, 68
1667098649.542746, 68
1667098649.556961, 68
1667098649.570257, 67
1667098649.583294, 68
1667098649.596420, 68
1667098649.610244, 67
1667098649.623280, 69
1667098649.636236, 68
1667098649.649258, 69
1667098649.662369, 68
1667098649.675407, 69
1667098649.688315, 68
1667098649.701461, 69
1667098649.714534, 69
1667098649.727652, 69
1667098649.740651, 68
1667098649.753716, 68
1667098649.766621, 68
1667098649.779456, 68
1667098649.792477, 69
1667098649.805607, 69
1667098649.818372, 68
1667098649.831343, 69
1667098649.845137, 70
1667098649.858693, 69
1667098649.871802, 69
1667098649.884909, 68
1667098649.897888, 69
1667098649.911450, 69
1667098649.924698, 68
1667098649.937711, 69
1667098649.950845, 69
1667098649.964006, 69
1667098649.977082, 69
1667098649.989896, 70
1667098650.002784, 70
1667098650.015835, 69
1667098650.029073, 70
1667098650.041893, 70
1667098650.054694, 70
1667098650.067561, 69
1667098650.080606, 69
1667098650.093658, 69
1667098650.106558, 70
1667098650.119375, 70
1667098650.132328, 69
1667098650.145292, 70
1667098650.158043, 69
1667098650.170807, 71
1667098650.183587, 70
1667098650.196486, 70
1667098650.210120, 70
1667098650.223703, 71
1667098650.237556, 70
1667098650.251362, 70
1667098650.265239, 70
1667098650.278673, 71
1667098650.292118, 70
1667098650.305740, 69
1667098650.319499, 70
1667098650.333070, 71
1667098650.347093, 70
1667098650.361036, 71
1667098650.374875, 71
1667098650.389714, 71
1667098650.403969, 70
1667098650.417351, 71
1667098650.430464, 71
1667098650.443603, 71
1667098650.456588, 70
1667098650.469774, 71
1667098650.482644, 71
1667098650.495614, 71
1667098650.508621, 70
1667098650.521749, 71
1667098650.534631, 71
1667098650.547455, 71
1667098650.560402, 71
1667098650.573458, 71
1667098650.586624, 70
1667098650.599585, 71
1667098650.612701, 71
1667098650.625835, 71
1667098650.638630, 71
1667098650.651603, 71
1667098650.664509, 71
1667098650.678009, 71
1667098650.692249, 71
1667098650.705291, 72
1667098650.718842, 71
1667098650.732602, 71
1667098650.745835, 72
1667098650.759340, 72
1667098650.772995, 71
1667098650.786730, 71
1667098650.800061, 72
1667098650.813647, 71
1667098650.827252, 72
1667098650.840657, 71
1667098650.854334, 72
1667098650.867794, 71
1667098650.881752, 72
1667098650.895388, 73
1667098650.908974, 72
1667098650.922238, 71
1667098650.936007, 73
1667098650.949551, 72
1667098650.963661, 72
1667098650.976779, 73
1667098650.989948, 72
1667098651.002816, 72
1667098651.015607, 71
1667098651.028338, 72
1667098651.041273, 73
1667098651.054359, 72
1667098651.067226, 72
1667098651.080014, 73
1667098651.092946, 73
1667098651.105909, 72
1667098651.119160, 73
1667098651.131968, 73
1667098651.144678, 72
1667098651.157409, 73
1667098651.170169, 73
1667098651.183199, 73
1667098651.197167, 72
1667098651.211146, 72
1667098651.224399, 72
1667098651.237471, 73
1667098651.250456, 73
1667098651.263463, 74
1667098651.276395, 73
1667098651.289656, 73
1667098651.302558, 73
1667098651.315652, 74
1667098651.328602, 73
1667098651.341724, 73
1667098651.354466, 72
1667098651.367320, 74
1667098651.380199, 73
1667098651.393151, 73
1667098651.406143, 72
1667098651.418972, 73
1667098651.431676, 72
1667098651.444533, 73
1667098651.458022, 74
1667098651.471563, 74
1667098651.485199, 73
1667098651.498849, 74
1667098651.512578, 74
1667098651.526305, 74
1667098651.539939, 73
1667098651.553596, 74
1667098651.567504, 74
1667098651.580970, 74
1667098651.594487, 73
1667098651.607940, 74
1667098651.621550, 73
1667098651.634857, 74
1667098651.648335, 75
1667098651.662020, 74
1667098651.675390, 73
1667098651.689152, 75
1667098651.702641, 74
1667098651.716470, 74
1667098651.729898, 74
1667098651.743446, 75
1667098651.757069, 74
1667098651.770565, 74
1667098651.784091, 74
1667098651.797803, 75
1667098651.811359, 74
1667098651.824975, 73
1667098651.838374, 75
1667098651.852426, 75
1667098651.866456, 74
1667098651.880394, 75
1667098651.894758, 75
1667098651.907928, 75
1667098651.921223, 74
1667098651.934626, 75
1667098651.947707, 75
1667098651.961031, 74
1667098651.974200, 75
1667098651.987059, 74
1667098652.000032, 75
1667098652.012796, 74
1667098652.026692, 77
1667098652.039740, 76
1667098652.052636, 76
1667098652.065379, 75
1667098652.078252, 77
1667098652.091398, 77
1667098652.105515, 76
1667098652.118623, 76
1667098652.131814, 76
1667098652.144823, 76
1667098652.157863, 76
1667098652.170997, 76
1667098652.183927, 76
1667098652.196743, 76
1667098652.209704, 75
1667098652.222924, 76
1667098652.236065, 75
1667098652.248974, 75
1667098652.262037, 76
1667098652.274955, 76
1667098652.287888, 75
1667098652.300823, 76
1667098652.313550, 75
1667098652.326376, 77
1667098652.340078, 77
1667098652.353541, 77
1667098652.367183, 76
1667098652.380895, 76
1667098652.395767, 76
1667098652.409732, 76
1667098652.423897, 76
1667098652.437974, 77
1667098652.451059, 78
1667098652.464204, 78
1667098652.477435, 77
1667098652.491136, 77
1667098652.504271, 77
1667098652.517479, 77
1667098652.530546, 76
1667098652.543427, 76
1667098652.556164, 76
1667098652.569071, 77
1667098652.581966, 76
1667098652.594888, 76
1667098652.607781, 75
1667098652.620797, 78
1667098652.633663, 77
1667098652.646522, 78
1667098652.659464, 78
1667098652.672256, 77
1667098652.685099, 78
1667098652.697866, 76
1667098652.710737, 78
1667098652.723669, 78
1667098652.736374, 78
1667098652.749982, 77
1667098652.763424, 77
1667098652.777115, 78
1667098652.790955, 77
1667098652.804678, 76
1667098652.818962, 77
1667098652.833434, 78
1667098652.847607, 77
1667098652.860691, 77
1667098652.873738, 77
1667098652.886874, 78
1667098652.899801, 77
1667098652.912793, 78
1667098652.925680, 77
1667098652.938494, 79
1667098652.951551, 79
1667098652.964630, 78
1667098652.977755, 77
1667098652.990744, 79
1667098653.003768, 79
1667098653.016794, 79
1667098653.029762, 78
1667098653.042602, 79
1667098653.055536, 79
1667098653.068274, 78
1667098653.081011, 79
1667098653.093932, 79
1667098653.107520, 78
1667098653.120871, 77
1667098653.135021, 77
1667098653.149397, 77
1667098653.163473, 78
1667098653.176599, 77
1667098653.189901, 78
1667098653.203097, 78
1667098653.216035, 78
1667098653.229038, 79
1667098653.242042, 79
1667098653.255106, 78
1667098653.268251, 80
1667098653.281321, 80
1667098653.294187, 79
1667098653.306957, 78
1667098653.319854, 80
1667098653.333053, 80
1667098653.347074, 79
1667098653.360149, 79
1667098653.373450, 79
1667098653.386361, 80
1667098653.400011, 79
1667098653.413318, 79
1667098653.426070, 78
1667098653.438892, 79
1667098653.452324, 78
1667098653.465591, 79
1667098653.478407, 79
1667098653.491313, 79
1667098653.504240, 78
1667098653.517003, 79
1667098653.530098, 79
1667098653.542936, 80
1667098653.556176, 79
1667098653.569185, 79
1667098653.581993, 79
1667098653.594789, 81
1667098653.607597, 81
1667098653.620733, 81
1667098653.634518, 81
1667098653.647928, 80
1667098653.661589, 81
1667098653.675272, 81
1667098653.688809, 80
1667098653.702345, 80
1667098653.716007, 80
1667098653.729727, 80
1667098653.743430, 79
1667098653.756763, 80
1667098653.770343, 80
1667098653.783374, 78
1667098653.797201, 79
1667098653.811286, 79
1667098653.825315, 79
1667098653.838708, 81
1667098653.851671, 81
1667098653.864431, 80
1667098653.877347, 81
1667098653.890227, 80
1667098653.903000, 81
1667098653.916177, 81
1667098653.929227, 81
1667098653.942119, 80
1667098653.954868, 81
1667098653.967823, 81
1667098653.980779, 80
1667098653.993640, 81
1667098654.006431, 81
1667098654.019321, 82
1667098654.032104, 81
1667098654.045048, 81
1667098654.058155, 80
1667098654.071593, 80
1667098654.085284, 81
1667098654.098619, 80
1667098654.112485, 80
1667098654.126078, 80
1667098654.139779, 82
1667098654.152688, 81
1667098654.166973, 81
1667098654.181230, 81
1667098654.195327, 82
1667098654.208513, 82
1667098654.222050, 81
1667098654.235101, 82
1667098654.248339, 81
1667098654.261460, 82
1667098654.274314, 81
1667098654.287407, 82
1667098654.300201, 81
1667098654.313094, 82
1667098654.325877, 81
1667098654.338675, 81
1667098654.351619, 81
1667098654.364370, 82
1667098654.377166, 82
1667098654.390158, 80
1667098654.402962, 81
1667098654.415830, 81
1667098654.429061, 80
1667098654.442919, 81
1667098654.456306, 83
1667098654.470080, 83
1667098654.484532, 82
1667098654.498063, 82
1667098654.510934, 83
1667098654.525082, 84
1667098654.539319, 83
1667098654.552308, 83
1667098654.565565, 83
1667098654.578631, 83
1667098654.591460, 82
1667098654.604201, 83
1667098654.616955, 84
1667098654.630118, 83
1667098654.642867, 84
1667098654.655777, 82
1667098654.668699, 83
1667098654.681479, 83
1667098654.694426, 82
1667098654.707310, 83
1667098654.720057, 82
1667098654.732856, 82
1667098654.745647, 82
1667098654.758569, 81
1667098654.772910, 83
1667098654.785799, 83
1667098654.799723, 82
1667098654.813488, 82
1667098654.827658, 83
1667098654.840697, 82
1667098654.853717, 84
1667098654.866829, 83
1667098654.880066, 83
1667098654.893116, 83
1667098654.905986, 84
1667098654.919021, 83
1667098654.931777, 83
1667098654.944695, 83
1667098654.958209, 84
1667098654.971101, 83
1667098654.984065, 82
1667098654.997259, 82
1667098655.010156, 83
1667098655.023268, 83
1667098655.036385, 82
1667098655.049441, 82
1667098655.062297, 83
1667098655.077434, 82
1667098655.090267, 83
1667098655.102858, 84
1667098655.115636, 84
1667098655.129200, 84
1667098655.142572, 84
1667098655.155996, 84
1667098655.169643, 83
1667098655.183185, 84
1667098655.197040, 83
1667098655.210978, 84
1667098655.224678, 84
1667098655.238727, 84
1667098655.253005, 83
1667098655.266309, 84
1667098655.279382, 83
1667098655.292336, 84
1667098655.305562, 83
1667098655.318858, 84
1667098655.332195, 84
1667098655.345120, 84
1667098655.357911, 83
1667098655.371004, 83
1667098655.383780, 84
1667098655.396856, 85
1667098655.409796, 84
1667098655.422849, 84
1667098655.435634, 85
1667098655.448417, 85
1667098655.461146, 85
1667098655.474090, 85
1667098655.488106, 85
1667098655.501316, 85
1667098655.514901, 85
1667098655.528229, 84
1667098655.543728, 84
1667098655.558047, 85
1667098655.571692, 84
1667098655.585398, 84
1667098655.598951, 83
1667098655.611998, 84
1667098655.625033, 84
1667098655.638191, 83
1667098655.651114, 84
1667098655.663889, 84
1667098655.676708, 84
1667098655.689810, 83
1667098655.703084, 85
1667098655.715749, 85
1667098655.728634, 86
1667098655.741525, 85
1667098655.754463, 86
1667098655.767247, 86
1667098655.780000, 86
1667098655.793142, 85
1667098655.806401, 85
1667098655.820346, 86
1667098655.834214, 86
1667098655.848475, 85
1667098655.862941, 85
1667098655.877158, 86
1667098655.890396, 86
1667098655.903419, 86
1667098655.916814, 84
1667098655.929758, 85
1667098655.942702, 85
1667098655.955480, 84
1667098655.968480, 84
1667098655.981276, 85
1667098655.994275, 85
1667098656.007141, 85
1667098656.020154, 84
1667098656.032917, 84
1667098656.045761, 86
1667098656.058660, 86
1667098656.071532, 85
1667098656.084232, 86
1667098656.097198, 86
1667098656.110756, 86
1667098656.124015, 86
1667098656.137553, 87
1667098656.151043, 86
1667098656.164858, 87
1667098656.178566, 87
1667098656.191949, 87
1667098656.205299, 87
1667098656.218720, 87
1667098656.232048, 87
1667098656.246147, 86
1667098656.260265, 85
1667098656.273889, 86
1667098656.287758, 85
1667098656.301903, 85
1667098656.316010, 86
1667098656.329412, 85
1667098656.342716, 85
1667098656.355746, 87
1667098656.368776, 87
1667098656.381989, 86
1667098656.394880, 87
1667098656.407645, 87
1667098656.420605, 88
1667098656.433962, 87
1667098656.446810, 88
1667098656.459601, 86
1667098656.472581, 87
1667098656.485620, 87
1667098656.498356, 86
1667098656.511270, 87
1667098656.524159, 87
1667098656.537136, 87
1667098656.549946, 86
1667098656.562948, 86
1667098656.575773, 87
1667098656.589334, 87
1667098656.603611, 86
1667098656.617384, 86
1667098656.631113, 85
1667098656.646479, 85
1667098656.661176, 86
1667098656.675086, 87
1667098656.688644, 88
1667098656.701874, 87
1667098656.714806, 88
1667098656.727833, 87
1667098656.740952, 88
1667098656.753926, 87
1667098656.766881, 88
1667098656.779886, 87
1667098656.792852, 88
1667098656.805961, 87
1667098656.818770, 88
1667098656.831566, 87
1667098656.844482, 88
1667098656.857479, 88
1667098656.870287, 87
1667098656.883125, 88
1667098656.895867, 87
1667098656.909076, 87
1667098656.922603, 88
1667098656.936403, 88
1667098656.950203, 87
1667098656.963848, 86
1667098656.977971, 86
1667098656.992098, 86
1667098657.005988, 87
1667098657.019791, 89
1667098657.033849, 89
1667098657.048078, 88
1667098657.061515, 88
1667098657.074607, 89
1667098657.087740, 89
1667098657.100708, 88
1667098657.113755, 87
1667098657.126572, 89
1667098657.139565, 88
1667098657.152697, 88
1667098657.165876, 88
1667098657.178772, 89
1667098657.191531, 89
1667098657.204378, 88
1667098657.217188, 88
1667098657.230233, 88
1667098657.243254, 88
1667098657.256255, 88
1667098657.269144, 87
1667098657.281882, 87
1667098657.294721, 88
1667098657.307593, 87
1667098657.321450, 87
1667098657.334776, 89
1667098657.348417, 88
1667098657.361501, 89
1667098657.375413, 88
1667098657.389356, 89
1667098657.402443, 89
1667098657.415654, 89
1667098657.428769, 88
1667098657.441723, 89
1667098657.454811, 89
1667098657.467565, 90
1667098657.480563, 89
1667098657.493435, 89
1667098657.506350, 90
1667098657.519291, 89
1667098657.532012, 89
1667098657.544890, 88
1667098657.557791, 89
1667098657.571098, 89
1667098657.583940, 88
1667098657.596912, 88
1667098657.609846, 89
1667098657.622611, 89
1667098657.636158, 89
1667098657.649755, 88
1667098657.664309, 89
1667098657.677937, 90
1667098657.692062, 91
1667098657.706253, 90
1667098657.719206, 90
1667098657.732216, 90
1667098657.745014, 89
1667098657.757777, 89
1667098657.770522, 90
1667098657.783568, 90
1667098657.796609, 89
1667098657.809604, 90
1667098657.822463, 89
1667098657.835376, 90
1667098657.848391, 90
1667098657.861256, 89
1667098657.874073, 89
1667098657.886914, 88
1667098657.899719, 89
1667098657.912463, 89
1667098657.925393, 90
1667098657.939100, 90
1667098657.952397, 89
1667098657.966261, 90
1667098657.979835, 89
1667098657.994235, 90
1667098658.008350, 91
1667098658.022396, 91
1667098658.036654, 90
1667098658.050999, 91
1667098658.065019, 91
1667098658.078613, 90
1667098658.091984, 91
1667098658.105029, 91
1667098658.117926, 91
1667098658.130949, 91
1667098658.143775, 91
1667098658.156741, 90
1667098658.169809, 91
1667098658.182991, 91
1667098658.195863, 92
1667098658.209021, 89
1667098658.221928, 90
1667098658.234996, 90
1667098658.247741, 90
1667098658.260856, 89
1667098658.273679, 89
1667098658.286675, 90
1667098658.299622, 89
1667098658.312381, 90
1667098658.325295, 91
1667098658.338288, 91
1667098658.352025, 90
1667098658.365766, 91
1667098658.379761, 92
1667098658.393852, 92
1667098658.408200, 92
1667098658.422332, 92
1667098658.435489, 92
1667098658.448860, 92
1667098658.462200, 91
1667098658.475128, 91
1667098658.488137, 92
1667098658.500960, 91
1667098658.513964, 92
1667098658.526708, 91
1667098658.539792, 91
1667098658.552876, 90
1667098658.565770, 91
1667098658.578579, 90
1667098658.591624, 91
1667098658.604737, 91
1667098658.617566, 91
1667098658.630591, 91
1667098658.643722, 91
1667098658.656754, 92
1667098658.669556, 91
1667098658.682439, 92
1667098658.696279, 92
1667098658.710325, 91
1667098658.724296, 93
1667098658.737378, 92
1667098658.750398, 92
1667098658.763484, 91
1667098658.776341, 92
1667098658.789128, 92
1667098658.802074, 92
1667098658.814802, 92
1667098658.827819, 91
1667098658.840843, 93
1667098658.853824, 92
1667098658.866824, 93
1667098658.880011, 91
1667098658.892852, 92
1667098658.905667, 91
1667098658.918721, 92
1667098658.931707, 91
1667098658.944506, 91
1667098658.957289, 91
1667098658.970353, 92
1667098658.984152, 91
1667098658.997349, 93
1667098659.010876, 92
1667098659.023973, 92
1667098659.036920, 93
1667098659.050025, 93
1667098659.064572, 93
1667098659.077610, 93
1667098659.090847, 92
1667098659.103743, 93
1667098659.116883, 93
1667098659.129851, 93
1667098659.142922, 92
1667098659.155676, 92
1667098659.168614, 94
1667098659.181594, 93
1667098659.194738, 92
1667098659.207698, 92
1667098659.220911, 92
1667098659.233903, 92
1667098659.246988, 91
1667098659.259733, 92
1667098659.272540, 92
1667098659.285393, 92
1667098659.298848, 93
1667098659.312505, 92
1667098659.326649, 94
1667098659.339973, 93
1667098659.354593, 93
1667098659.368781, 94
1667098659.382982, 94
1667098659.397042, 93
1667098659.411189, 94
1667098659.424290, 94
1667098659.437394, 93
1667098659.450227, 94
1667098659.462997, 93
1667098659.475769, 93
1667098659.488684, 94
1667098659.501709, 93
1667098659.514694, 94
1667098659.527506, 94
1667098659.540682, 94
1667098659.553856, 93
1667098659.566856, 92
1667098659.579541, 93
1667098659.592518, 93
1667098659.605297, 93
1667098659.618247, 94
1667098659.631362, 93
1667098659.645136, 92
1667098659.658736, 94
1667098659.672393, 95
1667098659.685845, 93
1667098659.698787, 93
1667098659.712714, 95
1667098659.726725, 94
1667098659.740858, 95
1667098659.754706, 95
1667098659.768165, 95
1667098659.781273, 94
1667098659.794758, 94
1667098659.807611, 95
1667098659.820706, 95
1667098659.833761, 95
1667098659.846933, 94
1667098659.859658, 95
1667098659.872520, 95
1667098659.885511, 94
1667098659.898916, 93
1667098659.912083, 94
1667098659.925465, 93
1667098659.938437, 93
1667098659.951439, 94
1667098659.965062, 94
1667098659.978780, 92
1667098659.991635, 94
1667098660.004402, 94
1667098660.017409, 95
1667098660.030883, 95
1667098660.043780, 95
1667098660.056677, 94
1667098660.070242, 95
1667098660.084243, 94
1667098660.097248, 95
1667098660.110442, 95
1667098660.123529, 95
1667098660.136514, 95
1667098660.150000, 96
1667098660.163060, 95
1667098660.176078, 95
1667098660.188872, 95
1667098660.201954, 96
1667098660.214998, 95
1667098660.228050, 95
1667098660.240811, 93
1667098660.253727, 95
1667098660.266629, 94
1667098660.279865, 95
1667098660.292842, 94
1667098660.306052, 95
1667098660.318856, 94
1667098660.331625, 95
1667098660.344428, 95
1667098660.358704, 95
1667098660.372140, 96
1667098660.384947, 96
1667098660.398967, 95
1667098660.414267, 96
1667098660.428579, 95
1667098660.442703, 96
1667098660.456112, 95
1667098660.469236, 96
1667098660.482452, 95
1667098660.495587, 96
1667098660.508558, 97
1667098660.521562, 97
1667098660.534607, 96
1667098660.547596, 96
1667098660.560328, 95
1667098660.573239, 96
1667098660.586445, 96
1667098660.599404, 95
1667098660.612200, 95
1667098660.625071, 94
1667098660.638002, 96
1667098660.650933, 95
1667098660.663939, 95
1667098660.676703, 94
1667098660.689512, 96
1667098660.702935, 96
1667098660.716950, 96
1667098660.730134, 97
1667098660.743862, 96
1667098660.757360, 97
1667098660.770720, 97
1667098660.784450, 97
1667098660.798154, 97
1667098660.811616, 96
1667098660.825452, 97
1667098660.838780, 96
1667098660.852762, 97
1667098660.867018, 97
1667098660.880108, 96
1667098660.893199, 97
1667098660.906523, 96
1667098660.919897, 96
1667098660.932734, 96
1667098660.945650, 96
1667098660.958913, 95
1667098660.971889, 96
1667098660.984939, 96
1667098660.997960, 96
1667098661.011187, 95
1667098661.024133, 96
1667098661.037254, 96
1667098661.050093, 97
1667098661.062863, 97
1667098661.075635, 98
1667098661.088410, 97
1667098661.101594, 96
1667098661.115867, 97
1667098661.130026, 98
1667098661.144388, 97
1667098661.158587, 96
1667098661.172581, 96
1667098661.187188, 97
1667098661.201536, 97
1667098661.215772, 98
1667098661.229194, 98
1667098661.242297, 97
1667098661.255411, 97
1667098661.268792, 97
1667098661.282062, 97
1667098661.295380, 97
1667098661.308657, 97
1667098661.321442, 96
1667098661.334453, 97
1667098661.347255, 97
1667098661.360315, 96
1667098661.373480, 96
1667098661.386238, 97
1667098661.398995, 98
1667098661.411834, 97
1667098661.424578, 98
1667098661.437367, 97
1667098661.450196, 98
1667098661.463199, 98
1667098661.476866, 98
1667098661.490662, 98
1667098661.504318, 99
1667098661.517875, 98
1667098661.531518, 97
1667098661.544859, 98
1667098661.558527, 98
1667098661.571520, 98
1667098661.585613, 98
1667098661.599889, 97
1667098661.613949, 99
1667098661.626909, 97
1667098661.640132, 97
1667098661.653296, 97
1667098661.666297, 98
1667098661.679112, 97
1667098661.692062, 97
1667098661.705346, 98
1667098661.718249, 98
1667098661.730977, 98
1667098661.743967, 98
1667098661.756809, 99
1667098661.769601, 98
1667098661.782503, 99
1667098661.795371, 99
1667098661.808383, 99
1667098661.821306, 98
1667098661.834085, 98
1667098661.846937, 98
1667098661.860267, 99
1667098661.873911, 99
1667098661.887255, 98
1667098661.900905, 98
1667098661.914579, 99
1667098661.928125, 99
1667098661.941701, 99
1667098661.955302, 99
1667098661.968890, 99
1667098661.982670, 98
1667098661.996126, 99
1667098662.009762, 99
1667098662.023046, 97
1667098662.036756, 98
1667098662.050367, 99
1667098662.063842, 99
1667098662.077485, 99
1667098662.091126, 99
1667098662.104153, 100
1667098662.118686, 99
1667098662.132645, 99
1667098662.147297, 98
1667098662.161353, 100
1667098662.175471, 99
1667098662.189601, 99
1667098662.203036, 100
1667098662.216375, 100
1667098662.229555, 99
1667098662.242653, 100
1667098662.255467, 100
1667098662.268303, 100
1667098662.281221, 99
1667098662.294151, 99
1667098662.306967, 99
1667098662.319970, 100
1667098662.332722, 98
1667098662.345517, 99
1667098662.358469, 99
1667098662.371397, 99
1667098662.385165, 98
1667098662.399033, 98
1667098662.413301, 99
1667098662.427351, 99
1667098662.440664, 98
1667098662.453558, 100
1667098662.466362, 100
1667098662.479241, 101
1667098662.492195, 101
1667098662.505174, 100
1667098662.518199, 99
1667098662.531102, 101
1667098662.544058, 101
1667098662.557147, 100
1667098662.569940, 100
1667098662.582777, 99
1667098662.595734, 101
1667098662.608669, 100
1667098662.621577, 100
1667098662.634658, 100
1667098662.648019, 100
1667098662.661899, 100
1667098662.675418, 98
1667098662.689337, 99
1667098662.702488, 100
1667098662.715488, 99
1667098662.728577, 98
1667098662.741587, 100
1667098662.754338, 100
1667098662.767245, 100
1667098662.780290, 99
1667098662.793044, 99
1667098662.805967, 101
1667098662.818784, 101
1667098662.831549, 100
1667098662.844437, 101
1667098662.857321, 100
1667098662.870201, 101
1667098662.883095, 101
1667098662.895896, 101
1667098662.908737, 100
1667098662.922495, 100
1667098662.936612, 101
1667098662.949668, 101
1667098662.963255, 102
1667098662.977276, 101
1667098662.990979, 101
1667098663.004801, 101
1667098663.018796, 102
1667098663.032158, 100
1667098663.045770, 100
1667098663.059519, 100
1667098663.072873, 101
1667098663.086328, 100
1667098663.100044, 100
1667098663.113742, 99
1667098663.127490, 100
1667098663.140715, 100
1667098663.154728, 101
1667098663.168968, 101
1667098663.182075, 102
1667098663.195145, 102
1667098663.208338, 101
1667098663.221809, 101
1667098663.234868, 102
1667098663.248001, 102
1667098663.260787, 101
1667098663.273932, 102
1667098663.287131, 102
1667098663.300299, 102
1667098663.313073, 101
1667098663.326212, 101
1667098663.339037, 102
1667098663.352045, 102
1667098663.365047, 101
1667098663.377870, 101
1667098663.390689, 101
1667098663.403759, 101
1667098663.416912, 100
1667098663.429704, 101
1667098663.442492, 100
1667098663.455333, 101
1667098663.468197, 102
1667098663.481070, 102
1667098663.494387, 101
1667098663.507624, 103
1667098663.520492, 103
1667098663.534471, 103
1667098663.549275, 101
1667098663.562163, 103
1667098663.574951, 103
1667098663.587690, 102
1667098663.600751, 102
1667098663.613618, 102
1667098663.626401, 103
1667098663.639155, 103
1667098663.652128, 102
1667098663.666049, 102
1667098663.679783, 103
1667098663.693647, 103
1667098663.707458, 102
1667098663.720577, 103
1667098663.733846, 103
1667098663.746811, 102
1667098663.759673, 101
1667098663.772466, 102
1667098663.785429, 102
1667098663.798591, 101
1667098663.811490, 102
1667098663.824181, 101
1667098663.836958, 102
1667098663.850008, 102
1667098663.862815, 101
1667098663.875651, 103
1667098663.888412, 102
1667098663.901148, 104
1667098663.914049, 103
1667098663.927732, 103
1667098663.941524, 103
1667098663.954909, 103
1667098663.968409, 102
1667098663.982313, 102
1667098663.995618, 104
1667098664.009188, 104
1667098664.022780, 103
1667098664.036326, 103
1667098664.050323, 104
1667098664.063625, 104
1667098664.077142, 103
1667098664.090681, 102
1667098664.104403, 104
1667098664.118150, 103
1667098664.131781, 102
1667098664.145431, 101
1667098664.158891, 101
1667098664.172498, 102
1667098664.186002, 101
1667098664.199385, 102
1667098664.212855, 103
1667098664.226323, 104
1667098664.239313, 103
1667098664.253663, 103
1667098664.267719, 104
1667098664.281728, 104
1667098664.295840, 103
1667098664.310700, 104
1667098664.324773, 104
1667098664.337831, 104
1667098664.351070, 104
1667098664.364394, 104
1667098664.377578, 104
1667098664.390554, 104
1667098664.403385, 103
1667098664.416340, 104
1667098664.429175, 104
1667098664.442240, 104
1667098664.455027, 104
1667098664.467810, 103
1667098664.480833, 102
1667098664.493740, 104
1667098664.506566, 104
1667098664.519446, 103
1667098664.532568, 103
1667098664.545301, 104
1667098664.558248, 104
1667098664.571079, 103
1667098664.583898, 102
1667098664.597967, 105
1667098664.610834, 105
1667098664.624716, 104
1667098664.638673, 104
1667098664.652673, 105
1667098664.666041, 104
1667098664.679094, 104
1667098664.692325, 104
1667098664.705459, 105
1667098664.718484, 105
1667098664.731307, 104
1667098664.744115, 104
1667098664.757097, 105
1667098664.770261, 104
1667098664.783313, 105
1667098664.796242, 104
1667098664.809532, 105
1667098664.822441, 105
1667098664.835258, 104
1667098664.848024, 103
1667098664.860778, 104
1667098664.873700, 103
1667098664.887661, 104
1667098664.901660, 103
1667098664.915340, 104
1667098664.929343, 104
1667098664.942340, 104
1667098664.955573, 105
1667098664.968685, 105
1667098664.981536, 104
1667098664.994315, 104
1667098665.007081, 104
1667098665.020018, 105
1667098665.033092, 105
1667098665.045910, 105
1667098665.059014, 105
1667098665.071992, 105
1667098665.084814, 106
1667098665.097641, 105
1667098665.110442, 106
1667098665.123652, 105
1667098665.137365, 105
1667098665.150901, 106
1667098665.164424, 106
1667098665.177991, 105
1667098665.191499, 106
1667098665.205656, 104
1667098665.219471, 104
1667098665.233598, 104
1667098665.247754, 104
1667098665.261864, 105
1667098665.275059, 105
1667098665.288393, 105
1667098665.301498, 105
1667098665.314341, 105
1667098665.327724, 105
1667098665.340469, 105
1667098665.353439, 105
1667098665.366242, 105
1667098665.379060, 106
1667098665.392019, 105
1667098665.405201, 105
1667098665.418075, 105
1667098665.430808, 106
1667098665.443718, 105
1667098665.456509, 106
1667098665.469350, 105
1667098665.482486, 106
1667098665.495960, 106
1667098665.509421, 106
1667098665.522815, 105
1667098665.537247, 107
1667098665.550917, 106
1667098665.564744, 106
1667098665.578580, 106
1667098665.593041, 106
1667098665.606986, 105
1667098665.620300, 105
1667098665.633562, 106
1667098665.646973, 106
1667098665.659922, 105
1667098665.672989, 104
1667098665.685820, 107
1667098665.698805, 107
1667098665.711718, 107
1667098665.724624, 107
1667098665.737474, 106
1667098665.750296, 107
1667098665.763140, 107
1667098665.775958, 106
1667098665.788908, 107
1667098665.801669, 106
1667098665.814576, 107
1667098665.827514, 106
1667098665.840351, 107
1667098665.853093, 107
1667098665.865914, 107
1667098665.879612, 106
1667098665.893189, 107
1667098665.906593, 107
1667098665.920237, 107
1667098665.933702, 106
1667098665.947214, 105
1667098665.960986, 106
1667098665.974935, 106
1667098665.989466, 106
1667098666.003498, 106
1667098666.016886, 105
1667098666.029976, 106
1667098666.042991, 105
1667098666.055870, 107
1667098666.068842, 108
1667098666.081684, 108
1667098666.094531, 107
1667098666.107463, 107
1667098666.120313, 108
1667098666.133210, 107
1667098666.146113, 108
1667098666.159048, 107
1667098666.173161, 108
1667098666.187396, 108
1667098666.201287, 107
1667098666.215550, 107
1667098666.230062, 107
1667098666.244375, 107
1667098666.257645, 106
1667098666.270677, 107
1667098666.283875, 108
1667098666.297061, 107
1667098666.309861, 107
1667098666.322721, 106
1667098666.335549, 107
1667098666.348650, 107
1667098666.361490, 107
1667098666.374427, 106
1667098666.387300, 107
1667098666.400217, 107
1667098666.413251, 106
1667098666.426236, 108
1667098666.438994, 107
1667098666.451739, 108
1667098666.464453, 108
1667098666.477304, 107
1667098666.490675, 108
1667098666.504148, 108
1667098666.517683, 108
1667098666.531570, 107
1667098666.545170, 108
1667098666.558857, 108
1667098666.572332, 108
1667098666.586441, 107
1667098666.600686, 108
1667098666.614808, 109
1667098666.628240, 109
1667098666.641396, 109
1667098666.654525, 107
1667098666.667390, 108
1667098666.680235, 108
1667098666.693300, 107
1667098666.706194, 107
1667098666.719235, 108
1667098666.732123, 108
1667098666.745418, 107
1667098666.758200, 107
1667098666.770980, 108
1667098666.783962, 108
1667098666.796923, 109
1667098666.809768, 109
1667098666.822616, 109
1667098666.835886, 109
1667098666.849425, 109
1667098666.862944, 108
1667098666.876549, 109
1667098666.890467, 109
1667098666.904063, 109
1667098666.917421, 108
1667098666.930898, 109
1667098666.944199, 109
1667098666.958148, 109
1667098666.972437, 108
1667098666.986537, 108
1667098667.001991, 108
1667098667.016030, 109
1667098667.029273, 108
1667098667.042296, 109
1667098667.055135, 108
1667098667.067838, 109
1667098667.080628, 108
1667098667.093368, 108
1667098667.106553, 108
1667098667.119497, 107
1667098667.132347, 108
1667098667.145189, 106
1667098667.158034, 109
1667098667.170991, 110
1667098667.183802, 109
1667098667.196647, 109
1667098667.210304, 110
1667098667.224177, 109
1667098667.238676, 109
1667098667.252804, 108
1667098667.266848, 110
1667098667.280859, 110
1667098667.294235, 109
1667098667.307434, 109
1667098667.320983, 110
1667098667.333792, 109
1667098667.346583, 108
1667098667.359471, 109
1667098667.372280, 110
1667098667.385111, 110
1667098667.398067, 110
1667098667.412725, 109
1667098667.426260, 110
1667098667.439637, 109
1667098667.453795, 109
1667098667.467862, 110
1667098667.481946, 108
1667098667.495925, 108
1667098667.509344, 109
1667098667.522396, 108
1667098667.535446, 109
1667098667.548372, 109
1667098667.561301, 110
1667098667.574386, 109
1667098667.587381, 110
1667098667.600547, 109
1667098667.613379, 110
1667098667.626252, 109
1667098667.639048, 110
1667098667.652070, 110
1667098667.664953, 109
1667098667.677981, 109
1667098667.690918, 110
1667098667.703774, 111
1667098667.716564, 110
1667098667.729933, 110
1667098667.743505, 111
1667098667.757770, 110
1667098667.772249, 111
1667098667.786145, 111
1667098667.799376, 111
1667098667.812882, 109
1667098667.827155, 110
1667098667.841670, 109
1667098667.855169, 109
1667098667.869099, 110
1667098667.883234, 110
1667098667.897767, 109
1667098667.912187, 110
1667098667.926279, 111
1667098667.939262, 110
1667098667.952404, 111
1667098667.965551, 111
1667098667.978551, 111
1667098667.991498, 111
1667098668.004294, 111
1667098668.017651, 111
1667098668.030643, 111
1667098668.043746, 110
1667098668.056816, 110
1667098668.069881, 111
1667098668.082875, 111
1667098668.095970, 110
1667098668.109088, 111
1667098668.122297, 111
1667098668.135394, 111
1667098668.148445, 111
1667098668.161535, 111
1667098668.174607, 110
1667098668.187402, 110
1667098668.200310, 109
1667098668.213194, 110
1667098668.226985, 109
1667098668.241142, 109
1667098668.255398, 111
1667098668.269471, 111
1667098668.282676, 110
1667098668.295895, 111
1667098668.309225, 111
1667098668.322120, 112
1667098668.335080, 111
1667098668.347995, 112
1667098668.360878, 112
1667098668.373583, 111
1667098668.386591, 111
1667098668.399605, 112
1667098668.412811, 112
1667098668.425676, 111
1667098668.438684, 111
1667098668.451576, 111
1667098668.464309, 112
1667098668.477412, 112
1667098668.491326, 111
1667098668.505070, 111
1667098668.518391, 112
1667098668.532147, 112
1667098668.545782, 111
1667098668.559528, 112
1667098668.573468, 111
1667098668.587045, 111
1667098668.600667, 110
1667098668.614607, 111
1667098668.627763, 111
1667098668.641152, 110
1667098668.654211, 111
1667098668.667286, 111
1667098668.680123, 111
1667098668.693255, 111
1667098668.706211, 112
1667098668.719054, 112
1667098668.731821, 112
1667098668.745118, 111
1667098668.757941, 111
1667098668.770646, 111
1667098668.783451, 112
1667098668.796171, 112
1667098668.809040, 112
1667098668.822566, 112
1667098668.836483, 113
1667098668.849751, 113
1667098668.863162, 112
1667098668.877067, 112
1667098668.890687, 113
1667098668.904008, 113
1667098668.917453, 113
1667098668.930945, 112
1667098668.944600, 113
1667098668.958112, 112
1667098668.971954, 112
1667098668.985573, 111
1667098668.999672, 112
1667098669.012694, 112
1667098669.026357, 112
1667098669.039808, 112
1667098669.053209, 112
1667098669.066654, 113
1667098669.079809, 113
1667098669.093811, 113
1667098669.107875, 113
1667098669.122005, 112
1667098669.135039, 113
1667098669.148109, 113
1667098669.161389, 113
1667098669.174287, 112
1667098669.187122, 113
1667098669.200125, 113
1667098669.213101, 113
1667098669.226401, 112
1667098669.239230, 113
1667098669.252314, 113
1667098669.265390, 113
1667098669.278487, 112
1667098669.291368, 113
1667098669.304338, 113
1667098669.317524, 113
1667098669.330575, 112
1667098669.343676, 112
1667098669.356914, 111
1667098669.370070, 113
1667098669.382958, 114
1667098669.395726, 114
1667098669.408437, 113
1667098669.422000, 113
1667098669.435599, 114
1667098669.449082, 114
1667098669.462054, 115
1667098669.475832, 114
1667098669.489919, 114
1667098669.504165, 115
1667098669.517396, 115
1667098669.530368, 114
1667098669.543439, 114
1667098669.556320, 115
1667098669.569097, 115
1667098669.582332, 114
1667098669.595284, 114
1667098669.608052, 114
1667098669.620954, 115
1667098669.633924, 114
1667098669.647076, 114
1667098669.659992, 114
1667098669.672806, 115
1667098669.685778, 115
1667098669.698835, 114
1667098669.711940, 114
1667098669.724674, 112
1667098669.737391, 113
1667098669.750173, 113
1667098669.763572, 112
1667098669.777117, 113
1667098669.790512, 113
1667098669.804192, 113
1667098669.817868, 112
1667098669.831613, 113
1667098669.847543, 113
1667098669.860816, 114
1667098669.874503, 114
1667098669.887763, 114
1667098669.901975, 114
1667098669.915987, 114
1667098669.929745, 115
1667098669.943681, 114
1667098669.957938, 113
1667098669.972316, 115
1667098669.986501, 114
1667098669.999774, 115
1667098670.012718, 115
1667098670.026281, 115
1667098670.039263, 114
1667098670.052038, 115
1667098670.065020, 115
1667098670.078083, 115
1667098670.091235, 114
1667098670.104334, 115
1667098670.117359, 114
1667098670.130217, 113
1667098670.142899, 113
1667098670.155712, 113
1667098670.168617, 114
1667098670.181857, 114
1667098670.194687, 114
1667098670.207539, 114
1667098670.221114, 113
1667098670.235252, 115
1667098670.249343, 115
1667098670.263806, 115
1667098670.278043, 115
1667098670.293003, 115
1667098670.307375, 115
1667098670.320651, 115
1667098670.333727, 115
1667098670.346793, 115
1667098670.359912, 115
1667098670.373229, 115
1667098670.386037, 115
1667098670.398873, 115
1667098670.411846, 115
1667098670.424962, 115
1667098670.437887, 115
1667098670.450828, 116
1667098670.463678, 115
1667098670.476828, 115
1667098670.489606, 114
1667098670.502553, 115
1667098670.515398, 114
1667098670.528248, 115
1667098670.541046, 115
1667098670.553890, 114
1667098670.567795, 114
1667098670.581822, 115
1667098670.596549, 114
1667098670.609676, 115
1667098670.622965, 115
1667098670.636008, 116
1667098670.648818, 115
1667098670.661690, 116
1667098670.674637, 115
1667098670.687725, 116
1667098670.700786, 115
1667098670.714063, 115
1667098670.726902, 116
1667098670.740085, 116
1667098670.752881, 115
1667098670.765794, 116
1667098670.778923, 116
1667098670.791758, 116
1667098670.804616, 115
1667098670.817515, 116
1667098670.830591, 115
1667098670.844177, 116
1667098670.857678, 116
1667098670.871362, 116
1667098670.885002, 115
1667098670.898478, 115
1667098670.911945, 115
1667098670.925652, 115
1667098670.939228, 116
1667098670.952704, 116
1667098670.966479, 114
1667098670.980187, 115
1667098670.993975, 115
1667098671.007675, 116
1667098671.020636, 116
1667098671.034820, 116
1667098671.048985, 115
1667098671.062626, 116
1667098671.075817, 117
1667098671.089014, 117
1667098671.102908, 116
1667098671.115923, 116
1667098671.129020, 117
1667098671.141781, 117
1667098671.154882, 117
1667098671.167851, 117
1667098671.180606, 118
1667098671.193549, 117
1667098671.206577, 118
1667098671.219425, 117
1667098671.232231, 118
1667098671.245054, 118
1667098671.257818, 118
1667098671.271316, 118
1667098671.284949, 116
1667098671.298589, 117
1667098671.312041, 117
1667098671.325105, 117
1667098671.338907, 116
1667098671.352956, 117
1667098671.367016, 117
1667098671.381130, 117
1667098671.393981, 118
1667098671.407211, 117
1667098671.420001, 118
1667098671.433447, 118
1667098671.446483, 117
1667098671.459492, 117
1667098671.472604, 117
1667098671.485789, 116
1667098671.498504, 117
1667098671.511225, 116
1667098671.524051, 117
1667098671.536934, 117
1667098671.549773, 117
1667098671.562513, 117
1667098671.575582, 117
1667098671.588569, 116
1667098671.602369, 117
1667098671.616421, 117
1667098671.630363, 117
1667098671.643735, 117
1667098671.656784, 118
1667098671.669910, 118
1667098671.682944, 117
1667098671.695946, 117
1667098671.708729, 118
1667098671.721721, 117
1667098671.734490, 117
1667098671.747421, 117
1667098671.760328, 117
1667098671.773254, 116
1667098671.786324, 117
1667098671.799438, 118
1667098671.812518, 117
1667098671.825263, 117
1667098671.837957, 117
1667098671.850925, 118
1667098671.864130, 117
1667098671.877696, 117
1667098671.891333, 118
1667098671.905108, 118
1667098671.918581, 117
1667098671.932010, 117
1667098671.945902, 117
1667098671.959965, 118
1667098671.974173, 119
1667098671.987345, 118
1667098672.000375, 117
1667098672.013402, 118
1667098672.026457, 118
1667098672.039462, 117
1667098672.052261, 118
1667098672.065271, 118
1667098672.078245, 116
1667098672.091102, 117
1667098672.104181, 117
1667098672.117346, 117
1667098672.130388, 116
1667098672.143330, 118
1667098672.156349, 117
1667098672.169313, 117
1667098672.182130, 116
1667098672.194933, 119
1667098672.207802, 118
1667098672.221024, 119
1667098672.235280, 119
1667098672.249308, 118
1667098672.263516, 119
1667098672.276573, 118
1667098672.289710, 119
1667098672.302801, 119
1667098672.316027, 118
1667098672.328973, 118
1667098672.342046, 119
1667098672.354852, 119
1667098672.367772, 118
1667098672.380877, 118
1667098672.393668, 119
1667098672.406493, 119
1667098672.419271, 118
1667098672.432738, 119
1667098672.446280, 119
1667098672.459498, 119
1667098672.473801, 119
1667098672.487599, 118
1667098672.501062, 117
1667098672.514434, 117
1667098672.528026, 118
1667098672.541819, 117
1667098672.555029, 118
1667098672.568007, 118
1667098672.582447, 118
1667098672.598416, 119
1667098672.612741, 119
1667098672.626960, 120
1667098672.640423, 120
1667098672.653726, 119
1667098672.666894, 119
1667098672.680117, 118
1667098672.693220, 119
1667098672.706280, 119
1667098672.719238, 119
1667098672.732258, 119
1667098672.745247, 120
1667098672.758036, 119
1667098672.771241, 118
1667098672.784162, 118
1667098672.797097, 119
1667098672.809917, 118
1667098672.822840, 119
1667098672.835825, 120
1667098672.848805, 120
1667098672.861778, 120
1667098672.874547, 119
1667098672.887408, 119
1667098672.900160, 119
1667098672.913067, 119
1667098672.926469, 119
1667098672.939881, 118
1667098672.953571, 119
1667098672.967374, 119
1667098672.980892, 119
1667098672.994407, 120
1667098673.007187, 120
1667098673.021399, 119
1667098673.035326, 120
1667098673.049490, 120
1667098673.063669, 120
1667098673.076640, 120
1667098673.089861, 120
1667098673.102914, 120
1667098673.116249, 119
1667098673.129193, 121
1667098673.141937, 119
1667098673.154957, 120
1667098673.167904, 120
1667098673.180684, 120
1667098673.193669, 120
1667098673.206485, 120
1667098673.219494, 120
1667098673.232427, 121
1667098673.245499, 121
1667098673.258306, 120
1667098673.271276, 120
1667098673.284148, 120
1667098673.297027, 119
1667098673.309765, 119
1667098673.322594, 119
1667098673.335858, 119
1667098673.349424, 119
1667098673.362898, 119
1667098673.376383, 119
1667098673.390152, 120
1667098673.403454, 120
1667098673.420483, 119
1667098673.433724, 121
1667098673.447410, 121
1667098673.460823, 121
1667098673.473960, 121
1667098673.486895, 121
1667098673.499850, 122
1667098673.512755, 121
1667098673.525965, 120
1667098673.538977, 120
1667098673.551879, 121
1667098673.564645, 120
1667098673.577687, 119
1667098673.590546, 120
1667098673.603386, 121
1667098673.616407, 120
1667098673.629439, 120
1667098673.642449, 120
1667098673.655338, 121
1667098673.668274, 121
1667098673.681087, 120
1667098673.694554, 120
1667098673.707891, 119
1667098673.721724, 121
1667098673.735012, 121
1667098673.749096, 120
1667098673.762591, 121
1667098673.776915, 120
1667098673.790780, 120
1667098673.803999, 121
1667098673.817803, 121
1667098673.832138, 121
1667098673.845458, 120
1667098673.858539, 121
1667098673.871720, 121
1667098673.884473, 121
1667098673.897431, 121
1667098673.910431, 121
1667098673.923331, 121
1667098673.936350, 121
1667098673.949245, 121
1667098673.962074, 120
1667098673.974888, 121
1667098673.987658, 122
1667098674.000592, 121
1667098674.013585, 121
1667098674.026411, 121
1667098674.039240, 121
1667098674.052143, 121
1667098674.065036, 121
1667098674.078472, 122
1667098674.091861, 120
1667098674.105727, 121
1667098674.119053, 120
1667098674.132996, 121
1667098674.147089, 121
1667098674.161219, 121
1667098674.175612, 120
1667098674.188861, 121
1667098674.201891, 121
1667098674.214921, 122
1667098674.227662, 121
1667098674.240615, 122
1667098674.253681, 121
1667098674.266738, 123
1667098674.279830, 122
1667098674.292805, 122
1667098674.305971, 121
1667098674.318901, 122
1667098674.331897, 122
1667098674.344953, 122
1667098674.358207, 122
1667098674.371201, 122
1667098674.384070, 122
1667098674.397047, 122
1667098674.410266, 121
1667098674.423057, 123
1667098674.436262, 122
1667098674.449222, 122
1667098674.462059, 121
1667098674.474958, 123
1667098674.487628, 122
1667098674.500454, 121
1667098674.514127, 120
1667098674.527449, 122
1667098674.540955, 121
1667098674.553949, 121
1667098674.567356, 119
1667098674.580170, 121
1667098674.593133, 121
1667098674.606219, 122
1667098674.619042, 121
1667098674.631897, 123
1667098674.645074, 122
1667098674.657974, 122
1667098674.670742, 122
1667098674.683525, 123
1667098674.696760, 123
1667098674.709624, 122
1667098674.722423, 121
1667098674.735223, 123
1667098674.748018, 123
1667098674.760774, 123
1667098674.773622, 123
1667098674.787076, 123
1667098674.800526, 122
1667098674.814377, 122
1667098674.829429, 123
1667098674.842510, 122
1667098674.856363, 123
1667098674.870190, 122
1667098674.884614, 122
1667098674.898754, 122
1667098674.911910, 122
1667098674.925107, 122
1667098674.938403, 122
1667098674.952146, 122
1667098674.965203, 123
1667098674.978102, 123
1667098674.991059, 122
1667098675.004103, 122
1667098675.017045, 123
1667098675.029921, 124
1667098675.042774, 123
1667098675.055610, 123
1667098675.068389, 122
1667098675.081149, 123
1667098675.094518, 122
1667098675.107404, 123
1667098675.120362, 123
1667098675.133188, 123
1667098675.146026, 124
1667098675.158837, 122
1667098675.171660, 123
1667098675.184662, 123
1667098675.198045, 124
1667098675.211199, 123
1667098675.225026, 123
1667098675.238944, 123
1667098675.252873, 123
1667098675.265970, 123
1667098675.278849, 124
1667098675.291800, 123
1667098675.304556, 123
1667098675.317439, 122
1667098675.330314, 123
1667098675.343199, 123
1667098675.356165, 122
1667098675.369177, 122
1667098675.381993, 122
1667098675.394896, 123
1667098675.407834, 123
1667098675.420625, 123
1667098675.433512, 124
1667098675.446265, 124
1667098675.459167, 124
1667098675.472634, 123
1667098675.486073, 124
1667098675.499615, 123
1667098675.513685, 124
1667098675.527111, 123
1667098675.539825, 122
1667098675.553512, 124
1667098675.566623, 124
1667098675.579627, 125
1667098675.592661, 124
1667098675.605550, 124
1667098675.618607, 125
1667098675.631300, 124
1667098675.644160, 124
1667098675.656979, 124
1667098675.669917, 125
1667098675.682883, 125
1667098675.695774, 124
1667098675.708533, 123
1667098675.721778, 124
1667098675.735271, 124
1667098675.748779, 123
1667098675.762292, 122
1667098675.776040, 124
1667098675.789978, 124
1667098675.804006, 123
1667098675.817971, 123
1667098675.832270, 125
1667098675.846321, 124
1667098675.859660, 125
1667098675.872544, 124
1667098675.885290, 125
1667098675.898130, 125
1667098675.911362, 124
1667098675.924398, 124
1667098675.937294, 125
1667098675.950131, 125
1667098675.963218, 124
1667098675.976229, 123
1667098675.989175, 125
1667098676.002056, 125
1667098676.014836, 125
1667098676.027623, 124
1667098676.041401, 125
1667098676.055232, 125
1667098676.068966, 124
1667098676.082750, 124
1667098676.096121, 125
1667098676.109884, 125
1667098676.123180, 125
1667098676.136786, 124
1667098676.150542, 124
1667098676.163942, 124
1667098676.177437, 125
1667098676.190996, 124
1667098676.204489, 124
1667098676.218024, 124
1667098676.231473, 125
1667098676.244500, 125
1667098676.258215, 125
1667098676.272187, 126
1667098676.285459, 126
1667098676.298498, 125
1667098676.311598, 125
1667098676.324644, 126
1667098676.337684, 125
1667098676.350688, 125
1667098676.363490, 125
1667098676.376588, 126
1667098676.389668, 125
1667098676.402670, 125
1667098676.415678, 125
1667098676.428720, 125
1667098676.442103, 125
1667098676.454868, 124
1667098676.467640, 125
1667098676.480618, 126
1667098676.493741, 125
1667098676.506726, 126
1667098676.519490, 125
1667098676.532239, 126
1667098676.545023, 125
1667098676.557853, 124
1667098676.571376, 124
1667098676.584891, 125
1667098676.598455, 125
1667098676.611953, 125
1667098676.625055, 124
1667098676.638779, 125
1667098676.652865, 125
1667098676.667949, 126
1667098676.680989, 125
1667098676.694102, 126
1667098676.707163, 125
1667098676.719871, 125
1667098676.732663, 125
1667098676.745725, 126
1667098676.758608, 126
1667098676.771491, 125
1667098676.784319, 126
1667098676.797213, 125
1667098676.810254, 127
1667098676.822989, 126
1667098676.835727, 127
1667098676.848569, 126
1667098676.862055, 127
1667098676.874896, 127
1667098676.889086, 126
1667098676.903095, 125
1667098676.916189, 127
1667098676.929452, 127
1667098676.942301, 127
1667098676.955028, 125
1667098676.967749, 125
1667098676.980863, 126
1667098676.994182, 126
1667098677.007241, 125
1667098677.020448, 125
1667098677.033524, 126
1667098677.046851, 126
1667098677.059819, 125
1667098677.072594, 125
1667098677.085729, 127
1667098677.098549, 127
1667098677.111341, 127
1667098677.124025, 127
1667098677.136886, 127
1667098677.150432, 128
1667098677.163911, 127
1667098677.177119, 127
1667098677.190632, 127
1667098677.204017, 126
1667098677.217835, 126
1667098677.231367, 127
1667098677.244924, 127
1667098677.258378, 127
1667098677.271848, 126
1667098677.285542, 127
1667098677.298964, 127
1667098677.312599, 127
1667098677.326103, 127
1667098677.339526, 127
1667098677.352965, 126
1667098677.366827, 127
1667098677.380258, 125
1667098677.393548, 126
1667098677.407393, 127
1667098677.420808, 127
1667098677.434164, 126
1667098677.447631, 125
1667098677.461036, 126
1667098677.475731, 126
1667098677.489488, 126
1667098677.505086, 127
1667098677.518974, 128
1667098677.532129, 128
1667098677.545109, 127
1667098677.557979, 127
1667098677.570945, 128
1667098677.583978, 127
1667098677.597042, 128
1667098677.609884, 127
1667098677.623013, 128
1667098677.635847, 128
1667098677.648730, 127
1667098677.661537, 127
1667098677.674475, 127
1667098677.687309, 128
1667098677.700151, 128
1667098677.712901, 127
1667098677.725655, 128
1667098677.738329, 128
1667098677.751269, 128
1667098677.764903, 128
1667098677.778279, 128
1667098677.791298, 127
1667098677.805041, 127
1667098677.819239, 126
1667098677.833417, 127
1667098677.846696, 126
1667098677.859713, 127
1667098677.872731, 126
1667098677.885819, 127
1667098677.899184, 126
1667098677.912102, 127
1667098677.925256, 128
1667098677.938343, 128
1667098677.951079, 127
1667098677.963944, 128
1667098677.976928, 128
1667098677.989964, 127
1667098678.003216, 127
1667098678.016028, 128
1667098678.029032, 128
1667098678.041790, 129
1667098678.055318, 129
1667098678.069374, 129
1667098678.083351, 129
1667098678.096628, 129
1667098678.109967, 129
1667098678.122943, 129
1667098678.135998, 128
1667098678.149062, 129
1667098678.161999, 128
1667098678.174990, 129
1667098678.188040, 129
1667098678.200853, 128
1667098678.214095, 126
1667098678.226846, 127
1667098678.239598, 126
1667098678.252356, 127
1667098678.265116, 127
1667098678.278044, 128
1667098678.290805, 128
1667098678.303977, 128
1667098678.317027, 127
1667098678.330035, 128
1667098678.343929, 129
1667098678.358133, 128
1667098678.372090, 128
1667098678.386320, 129
1667098678.400423, 128
1667098678.414658, 128
1667098678.428631, 128
1667098678.442247, 129
1667098678.455856, 129
1667098678.469427, 128
1667098678.482821, 128
1667098678.496664, 129
1667098678.509777, 129
1667098678.523185, 129
1667098678.536591, 128
1667098678.550188, 129
1667098678.564179, 129
1667098678.577321, 129
1667098678.590745, 128
1667098678.604198, 129
1667098678.617821, 129
1667098678.631299, 128
1667098678.644628, 127
1667098678.658659, 127
1667098678.672843, 127
1667098678.686902, 129
1667098678.699986, 128
1667098678.713227, 129
1667098678.726422, 128
1667098678.739288, 128
1667098678.751998, 128
1667098678.765288, 130
1667098678.778354, 130
1667098678.791155, 129
1667098678.803876, 129
1667098678.816633, 130
1667098678.829716, 130
1667098678.842854, 129
1667098678.855599, 129
1667098678.868320, 128
1667098678.881063, 130
1667098678.893825, 130
1667098678.906581, 129
1667098678.919859, 129
1667098678.933380, 130
1667098678.946859, 130
1667098678.960125, 129
1667098678.973628, 129
1667098678.987132, 130
1667098679.000507, 130
1667098679.014638, 129
1667098679.028851, 130
1667098679.042963, 130
1667098679.055979, 129
1667098679.068977, 128
1667098679.082231, 128
1667098679.095212, 129
1667098679.108325, 128
1667098679.121197, 129
1667098679.134161, 128
1667098679.146893, 129
1667098679.159615, 129
1667098679.172415, 128
1667098679.185236, 129
1667098679.198145, 130
1667098679.211793, 130
1667098679.225595, 129
1667098679.239508, 129
1667098679.253769, 130
1667098679.266821, 129
1667098679.279856, 130
1667098679.293030, 129
1667098679.306270, 130
1667098679.319135, 131
1667098679.332054, 131
1667098679.344794, 130
1667098679.358392, 130
1667098679.371160, 130
1667098679.383920, 130
1667098679.396729, 130
1667098679.409770, 130
1667098679.422633, 130
1667098679.435591, 131
1667098679.448764, 131
1667098679.461718, 130
1667098679.474832, 130
1667098679.487571, 130
1667098679.500279, 130
1667098679.513017, 129
1667098679.527012, 130
1667098679.540655, 129
1667098679.554507, 130
1667098679.567966, 129
1667098679.581443, 130
1667098679.594811, 130
1667098679.609011, 131
1667098679.621869, 130
1667098679.635533, 130
1667098679.649618, 130
1667098679.663638, 131
1667098679.676874, 130
1667098679.690213, 131
1667098679.703226, 131
1667098679.716225, 132
1667098679.729742, 132
1667098679.742967, 130
1667098679.755798, 131
1667098679.768946, 131
1667098679.782033, 131
1667098679.794913, 130
1667098679.807761, 131
1667098679.821002, 131
1667098679.834048, 131
1667098679.847051, 131
1667098679.860018, 131
1667098679.873175, 131
1667098679.885975, 130
1667098679.898831, 130
1667098679.911837, 130
1667098679.924960, 130
1667098679.937698, 129
1667098679.950526, 129
1667098679.963439, 131
1667098679.976734, 130
1667098679.990319, 131
1667098680.003790, 130
1667098680.017863, 131
1667098680.031289, 130
1667098680.044048, 131
1667098680.058139, 131
1667098680.072084, 132
1667098680.086224, 132
1667098680.100367, 132
1667098680.113765, 132
1667098680.126962, 132
1667098680.140121, 132
1667098680.153351, 131
1667098680.166301, 132
1667098680.179276, 131
1667098680.191991, 132
1667098680.204915, 132
1667098680.218077, 131
1667098680.231233, 131
1667098680.243976, 131
1667098680.257385, 131
1667098680.270413, 132
1667098680.283376, 132
1667098680.296284, 132
1667098680.309773, 132
1667098680.323459, 131
1667098680.337176, 131
1667098680.350657, 131
1667098680.364436, 131
1667098680.378173, 131
1667098680.392028, 131
1667098680.405890, 131
1667098680.419949, 130
1667098680.434157, 130
1667098680.448253, 131
1667098680.461356, 132
1667098680.475081, 132
1667098680.487838, 131
1667098680.501271, 132
1667098680.514265, 132
1667098680.527082, 132
1667098680.539856, 131
1667098680.553101, 131
1667098680.565995, 132
1667098680.578994, 132
1667098680.591941, 131
1667098680.604872, 132
1667098680.617569, 132
1667098680.630475, 133
1667098680.643389, 133
1667098680.656206, 132
1667098680.669306, 133
1667098680.682968, 132
1667098680.696628, 133
1667098680.710224, 132
1667098680.723618, 133
1667098680.737799, 133
1667098680.752060, 132
1667098680.766200, 132
1667098680.781227, 132
1667098680.795443, 131
1667098680.808563, 132
1667098680.821659, 131
1667098680.834927, 131
1667098680.848084, 132
1667098680.861155, 132
1667098680.873943, 131
1667098680.886923, 132
1667098680.899695, 132
1667098680.912664, 133
1667098680.925544, 132
1667098680.938598, 133
1667098680.951394, 133
1667098680.964123, 132
1667098680.977358, 132
1667098680.990491, 133
1667098681.003331, 133
1667098681.016193, 132
1667098681.028957, 133
1667098681.041806, 132
1667098681.054634, 134
1667098681.067750, 133
1667098681.081203, 134
1667098681.094558, 134
1667098681.108290, 133
1667098681.121820, 132
1667098681.135508, 133
1667098681.149140, 132
1667098681.163088, 133
1667098681.176409, 132
1667098681.190195, 133
1667098681.203711, 131
1667098681.217936, 131
1667098681.232595, 131
1667098681.246627, 132
1667098681.260337, 133
1667098681.274134, 133
1667098681.287672, 132
1667098681.301561, 133
1667098681.314940, 132
1667098681.329579, 134
1667098681.344056, 134
1667098681.357255, 133
1667098681.370620, 133
1667098681.384006, 133
1667098681.397398, 133
1667098681.411047, 133
1667098681.424066, 134
1667098681.437874, 134
1667098681.452037, 134
1667098681.466093, 133
1667098681.479482, 133
1667098681.492258, 133
1667098681.505061, 134
1667098681.518006, 134
1667098681.531072, 133
1667098681.543914, 134
1667098681.556683, 133
1667098681.569524, 134
1667098681.582406, 134
1667098681.596522, 134
1667098681.610877, 134
1667098681.625341, 134
1667098681.639600, 132
1667098681.652940, 132
1667098681.666058, 133
1667098681.679003, 133
1667098681.692482, 133
1667098681.705390, 132
1667098681.718200, 133
1667098681.730978, 133
1667098681.744100, 132
1667098681.757137, 134
1667098681.769916, 133
1667098681.782682, 134
1667098681.795489, 133
1667098681.808299, 134
1667098681.821787, 134
1667098681.835316, 133
1667098681.848915, 133
1667098681.862187, 134
1667098681.875751, 134
1667098681.889580, 133
1667098681.903137, 133
1667098681.917083, 134
1667098681.930991, 135
1667098681.945348, 135
1667098681.959445, 134
1667098681.972840, 133
1667098681.985928, 135
1667098681.998969, 135
1667098682.011871, 134
1667098682.025081, 134
1667098682.038159, 135
1667098682.051064, 135
1667098682.063721, 134
1667098682.076545, 134
1667098682.089547, 134
1667098682.102524, 134
1667098682.115611, 134
1667098682.128553, 134
1667098682.141645, 133
1667098682.154489, 134
1667098682.167243, 134
1667098682.180059, 133
1667098682.192828, 135
1667098682.205856, 135
1667098682.219191, 135
1667098682.233749, 134
1667098682.247146, 134
1667098682.261167, 134
1667098682.275246, 135
1667098682.289486, 135
1667098682.302759, 135
1667098682.315962, 135
1667098682.329267, 135
1667098682.342746, 134
1667098682.356026, 135
1667098682.369109, 135
1667098682.381959, 136
1667098682.394800, 135
1667098682.407605, 135
1667098682.420645, 135
1667098682.433506, 134
1667098682.446254, 135
1667098682.459044, 135
1667098682.472005, 135
1667098682.485037, 135
1667098682.497944, 134
1667098682.510841, 134
1667098682.523783, 134
1667098682.536679, 134
1667098682.549574, 133
1667098682.562722, 133
1667098682.576267, 134
1667098682.589309, 134
1667098682.603260, 134
1667098682.617116, 134
1667098682.630127, 136
1667098682.642922, 136
1667098682.655795, 136
1667098682.668505, 135
1667098682.681817, 134
1667098682.694883, 135
1667098682.707687, 135
1667098682.720714, 135
1667098682.733965, 135
1667098682.746904, 136
1667098682.759815, 136
1667098682.772602, 135
1667098682.785409, 136
1667098682.798290, 136
1667098682.811540, 136
1667098682.824955, 136
1667098682.838501, 135
1667098682.851485, 135
1667098682.865335, 136
1667098682.879297, 136
1667098682.892332, 135
1667098682.905425, 136
1667098682.919105, 135
1667098682.932350, 136
1667098682.945364, 135
1667098682.958359, 135
1667098682.971193, 134
1667098682.984179, 135
1667098682.997080, 134
1667098683.010057, 135
1667098683.023168, 134
1667098683.036215, 135
1667098683.049375, 134
1667098683.062427, 135
1667098683.075236, 135
1667098683.087963, 135
1667098683.100869, 136
1667098683.113856, 136
1667098683.126613, 136
1667098683.139359, 135
1667098683.152335, 136
1667098683.165735, 136
1667098683.179395, 136
1667098683.192684, 136
1667098683.206559, 136
1667098683.219707, 136
1667098683.233421, 135
1667098683.247139, 136
1667098683.260528, 135
1667098683.273910, 136
1667098683.287296, 137
1667098683.300916, 137
1667098683.314249, 137
1667098683.327912, 136
1667098683.341314, 137
1667098683.355122, 136
1667098683.368038, 137
1667098683.381782, 135
1667098683.395737, 136
1667098683.409724, 135
1667098683.422920, 136
1667098683.436133, 135
1667098683.449545, 135
1667098683.462605, 136
1667098683.475710, 136
1667098683.488887, 136
1667098683.501934, 136
1667098683.514797, 137
1667098683.527708, 137
1667098683.540720, 136
1667098683.553781, 135
1667098683.566611, 136
1667098683.579431, 137
1667098683.592268, 137
1667098683.605377, 137
1667098683.618255, 137
1667098683.631366, 137
1667098683.644369, 137
1667098683.657431, 138
1667098683.670369, 136
1667098683.683079, 137
1667098683.695798, 136
1667098683.709609, 137
1667098683.723103, 137
1667098683.736908, 137
1667098683.750653, 136
1667098683.764197, 137
1667098683.777559, 137
1667098683.791162, 136
1667098683.804006, 137
1667098683.817647, 137
1667098683.830965, 135
1667098683.844064, 136
1667098683.856860, 136
1667098683.869793, 136
1667098683.882931, 136
1667098683.895721, 135
1667098683.908544, 136
1667098683.921685, 135
1667098683.934707, 136
1667098683.947646, 137
1667098683.960434, 138
1667098683.973439, 138
1667098683.986347, 137
1667098683.999194, 138
1667098684.011942, 137
1667098684.024707, 138
1667098684.037673, 137
1667098684.051031, 137
1667098684.064753, 138
1667098684.078437, 138
1667098684.092007, 137
1667098684.105634, 137
1667098684.119339, 138
1667098684.133098, 138
1667098684.146588, 137
1667098684.160147, 137
1667098684.173862, 138
1667098684.187597, 138
1667098684.201297, 137
1667098684.214996, 138
1667098684.228776, 137
1667098684.242567, 138
1667098684.256193, 138
1667098684.269821, 137
1667098684.283285, 137
1667098684.296894, 137
1667098684.310257, 137
1667098684.323794, 136
1667098684.337251, 137
1667098684.350662, 136
1667098684.364127, 137
1667098684.377825, 137
1667098684.390784, 138
1667098684.404481, 137
1667098684.418955, 138
1667098684.432935, 138
1667098684.446894, 137
1667098684.460795, 138
1667098684.473788, 138
1667098684.487003, 138
1667098684.500002, 137
1667098684.512979, 138
1667098684.525762, 138
1667098684.538586, 138
1667098684.551326, 138
1667098684.564227, 137
1667098684.577145, 138
1667098684.590108, 138
1667098684.602966, 138
1667098684.616144, 137
1667098684.629036, 139
1667098684.641843, 138
1667098684.654906, 139
1667098684.667754, 139
1667098684.680567, 138
1667098684.693274, 138
1667098684.706497, 139
1667098684.719982, 138
1667098684.733954, 138
1667098684.747612, 137
1667098684.761305, 138
1667098684.774715, 138
1667098684.788238, 138
1667098684.801881, 137
1667098684.815282, 138
1667098684.828612, 138
1667098684.841729, 139
1667098684.856677, 138
1667098684.870783, 138
1667098684.884656, 139
1667098684.897668, 139
1667098684.911138, 139
1667098684.924348, 138
1667098684.937226, 139
1667098684.950201, 139
1667098684.963140, 139
1667098684.976067, 138
1667098684.988838, 139
1667098685.001732, 139
1667098685.014522, 139
1667098685.027323, 139
1667098685.040130, 139
1667098685.053647, 139
1667098685.067278, 139
1667098685.080774, 139
1667098685.094377, 139
1667098685.108691, 139
1667098685.122828, 139
1667098685.136991, 139
1667098685.150898, 138
1667098685.164774, 137
1667098685.179120, 138
1667098685.193285, 138
1667098685.207370, 138
1667098685.220755, 137
1667098685.233824, 138
1667098685.246789, 138
1667098685.259976, 138
1667098685.273003, 137
1667098685.285817, 140
1667098685.298577, 138
1667098685.311547, 140
1667098685.324386, 140
1667098685.337337, 139
1667098685.350262, 140
1667098685.363077, 140
1667098685.375930, 140
1667098685.388778, 140
1667098685.401490, 139
1667098685.414226, 139
1667098685.427428, 140
1667098685.441391, 140
1667098685.455398, 139
1667098685.469347, 140
1667098685.482449, 140
1667098685.495613, 139
1667098685.508629, 139
1667098685.521633, 140
1667098685.534515, 140
1667098685.547230, 140
1667098685.560190, 139
1667098685.573556, 139
1667098685.586410, 140
1667098685.599523, 140
1667098685.612485, 138
1667098685.625247, 137
1667098685.638016, 138
1667098685.650944, 139
1667098685.663809, 140
1667098685.676752, 140
1667098685.689613, 138
1667098685.702328, 138
1667098685.715053, 140
1667098685.728611, 140
1667098685.741709, 140
1667098685.755664, 139
1667098685.769803, 141
1667098685.783047, 140
1667098685.796253, 139
1667098685.809279, 140
1667098685.822350, 140
1667098685.835278, 140
1667098685.848210, 139
1667098685.861157, 140
1667098685.874031, 140
1667098685.887059, 140
1667098685.900010, 140
1667098685.912966, 140
1667098685.926353, 140
1667098685.939092, 140
1667098685.951970, 140
1667098685.964677, 139
1667098685.977563, 140
1667098685.990447, 141
1667098686.003278, 140
1667098686.015961, 141
1667098686.029093, 141
1667098686.042574, 141
1667098686.056491, 139
1667098686.070838, 140
1667098686.085165, 140
1667098686.099071, 140
1667098686.112556, 139
1667098686.125414, 140
1667098686.138161, 140
1667098686.150893, 140
1667098686.163674, 139
1667098686.176645, 141
1667098686.189493, 141
1667098686.202272, 140
1667098686.215346, 140
1667098686.229029, 140
1667098686.242905, 140
1667098686.257129, 141
1667098686.271341, 140
1667098686.284509, 140
1667098686.297594, 141
1667098686.310853, 140
1667098686.323899, 141
1667098686.336957, 141
1667098686.349917, 141
1667098686.363096, 140
1667098686.376000, 142
1667098686.388906, 140
1667098686.401793, 141
1667098686.414878, 141
1667098686.427637, 141
1667098686.440398, 142
1667098686.453155, 140
1667098686.466043, 141
1667098686.478866, 142
1667098686.491619, 141
1667098686.504626, 140
1667098686.518388, 139
1667098686.532248, 141
1667098686.545702, 140
1667098686.559339, 140
1667098686.572856, 140
1667098686.586576, 141
1667098686.600028, 140
1667098686.613551, 140
1667098686.627060, 141
1667098686.639834, 142
1667098686.653977, 141
1667098686.668166, 140
1667098686.681265, 141
1667098686.694490, 142
1667098686.707508, 142
1667098686.720668, 142
1667098686.734049, 142
1667098686.747133, 142
1667098686.759885, 141
1667098686.772739, 141
1667098686.785578, 141
1667098686.798475, 142
1667098686.811252, 141
1667098686.824170, 141
1667098686.837160, 141
1667098686.850044, 142
1667098686.863162, 141
1667098686.876420, 142
1667098686.889296, 142
1667098686.902404, 142
1667098686.915286, 141
1667098686.928319, 142
1667098686.941314, 141
1667098686.954051, 142
1667098686.966807, 141
1667098686.980027, 140
1667098686.994171, 141
1667098687.007391, 141
1667098687.021198, 141
1667098687.034641, 141
1667098687.048131, 141
1667098687.061844, 140
1667098687.075409, 143
1667098687.088229, 142
1667098687.101999, 142
1667098687.116349, 141
1667098687.129589, 143
1667098687.142751, 142
1667098687.155996, 142
1667098687.169007, 143
1667098687.182097, 143
1667098687.194978, 142
1667098687.207994, 142
1667098687.221006, 141
1667098687.234155, 142
1667098687.246882, 142
1667098687.259950, 142
1667098687.272958, 141
1667098687.285930, 142
1667098687.299058, 143
1667098687.312262, 142
1667098687.325189, 141
1667098687.337902, 141
1667098687.350962, 143
1667098687.363730, 142
1667098687.376688, 142
1667098687.389521, 143
1667098687.402343, 143
1667098687.415818, 141
1667098687.429384, 142
1667098687.442599, 142
1667098687.455766, 141
1667098687.468787, 142
1667098687.481706, 142
1667098687.494673, 142
1667098687.507613, 141
1667098687.520778, 142
1667098687.533596, 142
1667098687.546454, 143
1667098687.559314, 143
1667098687.572165, 142
1667098687.584938, 142
1667098687.597774, 142
1667098687.610653, 143
1667098687.623490, 143
1667098687.636333, 142
1667098687.649158, 142
1667098687.662684, 143
1667098687.676188, 143
1667098687.689631, 143
1667098687.703157, 142
1667098687.717120, 143
1667098687.730641, 143
1667098687.744190, 143
1667098687.757972, 143
1667098687.771769, 143
1667098687.785585, 142
1667098687.799294, 143
1667098687.812898, 142
1667098687.826413, 143
1667098687.839995, 144
1667098687.853729, 143
1667098687.867236, 141
1667098687.880782, 142
1667098687.894822, 143
1667098687.908767, 142
1667098687.922752, 142
1667098687.936184, 142
1667098687.949483, 143
1667098687.962569, 142
1667098687.975673, 142
1667098687.989049, 142
1667098688.001792, 144
1667098688.014697, 143
1667098688.027601, 142
1667098688.040405, 143
1667098688.053594, 143
1667098688.066639, 142
1667098688.079461, 143
1667098688.092483, 144
1667098688.105243, 143
1667098688.118142, 144
1667098688.130952, 143
1667098688.143694, 144
1667098688.156620, 144
1667098688.170571, 144
1667098688.184026, 144
1667098688.197497, 144
1667098688.210848, 143
1667098688.224579, 144
1667098688.238299, 144
1667098688.252072, 144
1667098688.265682, 144
1667098688.279609, 143
1667098688.293077, 143
1667098688.306726, 144
1667098688.320323, 143
1667098688.334124, 143
1667098688.347959, 142
1667098688.361534, 143
1667098688.375107, 143
1667098688.388779, 142
1667098688.402585, 142
1667098688.415984, 143
1667098688.429806, 143
1667098688.443236, 145
1667098688.456199, 144
1667098688.469867, 144
1667098688.483994, 145
1667098688.498260, 145
1667098688.511322, 144
1667098688.524405, 143
1667098688.537447, 144
1667098688.550844, 145
1667098688.563784, 144
1667098688.576548, 144
1667098688.589535, 144
1667098688.602555, 145
1667098688.615335, 144
1667098688.628372, 144
1667098688.641208, 143
1667098688.654069, 145
1667098688.667060, 144
1667098688.679818, 144
1667098688.692511, 143
1667098688.705282, 145
1667098688.718225, 144
1667098688.731980, 143
1667098688.745681, 143
1667098688.759766, 145
1667098688.774030, 144
1667098688.788325, 143
1667098688.802896, 144
1667098688.816178, 143
1667098688.829304, 143
1667098688.842410, 144
1667098688.855503, 144
1667098688.868452, 143
1667098688.881428, 143
1667098688.894334, 143
1667098688.907195, 145
1667098688.920048, 145
1667098688.932896, 144
1667098688.945742, 144
1667098688.958557, 145
1667098688.971471, 145
1667098688.984279, 145
1667098688.997034, 144
1667098689.009828, 145
1667098689.023283, 145
1667098689.037171, 145
1667098689.050689, 144
1667098689.064462, 145
1667098689.078185, 145
1667098689.091714, 145
1667098689.105424, 144
1667098689.118799, 145
1667098689.132778, 144
1667098689.146937, 145
1667098689.160007, 145
1667098689.173128, 145
1667098689.186114, 145
1667098689.198892, 146
1667098689.211865, 145
1667098689.224946, 145
1667098689.238025, 143
1667098689.250904, 145
1667098689.263833, 144
1667098689.276616, 144
1667098689.289578, 144
1667098689.302379, 144
1667098689.315199, 145
1667098689.328061, 144
1667098689.341686, 144
1667098689.354553, 144
1667098689.367329, 146
1667098689.380045, 145
1667098689.393027, 145
1667098689.406540, 144
1667098689.419485, 145
1667098689.433509, 145
1667098689.447480, 145
1667098689.460912, 145
1667098689.473972, 146
1667098689.486999, 145
1667098689.500240, 144
1667098689.513351, 146
1667098689.526389, 146
1667098689.539288, 146
1667098689.552284, 146
1667098689.565317, 146
1667098689.578415, 146
1667098689.591270, 145
1667098689.604304, 145
1667098689.617202, 145
1667098689.629981, 146
1667098689.643082, 146
1667098689.656084, 145
1667098689.669267, 145
1667098689.682170, 146
1667098689.695228, 145
1667098689.708406, 144
1667098689.721251, 144
1667098689.734045, 145
1667098689.746892, 144
1667098689.760757, 144
1667098689.774552, 145
1667098689.788430, 145
1667098689.802229, 144
1667098689.815600, 145
1667098689.829247, 146
1667098689.842746, 146
1667098689.856012, 145
1667098689.869839, 146
1667098689.883821, 145
1667098689.897467, 146
1667098689.910284, 145
1667098689.923052, 146
1667098689.936135, 146
1667098689.949348, 146
1667098689.962376, 147
1667098689.975273, 146
1667098689.988005, 146
1667098690.001223, 145
1667098690.014094, 147
1667098690.027089, 146
1667098690.040000, 146
1667098690.053173, 146
1667098690.066043, 147
1667098690.079053, 147
1667098690.092223, 146
1667098690.105101, 145
1667098690.117910, 147
1667098690.130725, 147
1667098690.144187, 146
1667098690.157755, 145
1667098690.171344, 146
1667098690.185661, 146
1667098690.199689, 145
1667098690.213153, 145
1667098690.226506, 146
1667098690.240185, 145
1667098690.253990, 145
1667098690.267526, 146
1667098690.281105, 146
1667098690.294009, 146
1667098690.308082, 146
1667098690.321950, 146
1667098690.335975, 147
1667098690.349898, 146
1667098690.363040, 146
1667098690.376147, 147
1667098690.389256, 147
1667098690.402488, 146
1667098690.415334, 146
1667098690.428146, 147
1667098690.441223, 147
1667098690.454165, 146
1667098690.467235, 146
1667098690.480385, 147
1667098690.493432, 147
1667098690.506386, 146
1667098690.519230, 147
1667098690.531954, 145
1667098690.544748, 147
1667098690.557660, 147
1667098690.570538, 146
1667098690.583295, 147
1667098690.596076, 148
1667098690.609103, 148
1667098690.622540, 147
1667098690.636193, 146
1667098690.649847, 145
1667098690.663554, 147
1667098690.677196, 147
1667098690.690650, 146
1667098690.704036, 145
1667098690.717960, 147
1667098690.733861, 146
1667098690.747635, 147
1667098690.761223, 146
1667098690.775046, 147
1667098690.788994, 147
1667098690.802984, 146
1667098690.816954, 147
1667098690.830161, 148
1667098690.843216, 148
1667098690.856391, 146
1667098690.869454, 147
1667098690.882476, 148
1667098690.895271, 148
1667098690.908213, 147
1667098690.921006, 147
1667098690.933863, 147
1667098690.946986, 147
1667098690.959952, 148
1667098690.972766, 147
1667098690.985619, 148
1667098690.998929, 148
1667098691.011722, 147
1667098691.024666, 147
1667098691.037990, 148
1667098691.051633, 148
1667098691.065057, 147
1667098691.078853, 148
1667098691.092351, 147
1667098691.106141, 147
1667098691.119928, 147
1667098691.133625, 147
1667098691.146997, 147
1667098691.160582, 147
1667098691.174029, 146
1667098691.187638, 146
1667098691.201336, 147
1667098691.215072, 148
1667098691.228571, 147
1667098691.241907, 147
1667098691.255593, 148
1667098691.268797, 147
1667098691.282542, 147
1667098691.296171, 147
1667098691.309842, 148
1667098691.323935, 149
1667098691.338102, 148
1667098691.352146, 148
1667098691.365338, 149
1667098691.378436, 148
1667098691.391577, 148
1667098691.404474, 148
1667098691.417423, 148
1667098691.430477, 148
1667098691.443359, 149
1667098691.456237, 148
1667098691.469222, 148
1667098691.482185, 148
1667098691.495084, 148
1667098691.507832, 147
1667098691.520731, 148
1667098691.533670, 149
1667098691.546496, 148
1667098691.559285, 148
1667098691.572402, 147
1667098691.586070, 147
1667098691.599745, 148
1667098691.613433, 148
1667098691.626923, 147
1667098691.640956, 148
1667098691.654809, 148
1667098691.668305, 147
1667098691.682079, 149
1667098691.695261, 149
1667098691.709749, 148
1667098691.723451, 148
1667098691.736719, 149
1667098691.750534, 148
1667098691.763552, 149
1667098691.777237, 148
1667098691.791353, 148
1667098691.805551, 149
1667098691.819007, 148
1667098691.832036, 149
1667098691.845061, 149
1667098691.858138, 149
1667098691.871000, 149
1667098691.883933, 149
1667098691.896777, 148
1667098691.909717, 149
1667098691.922575, 149
1667098691.935419, 148
1667098691.948474, 148
1667098691.961303, 148
1667098691.974233, 149
1667098691.987108, 149
1667098692.001084, 148
1667098692.014006, 149
1667098692.026933, 148
1667098692.039728, 147
1667098692.052597, 148
1667098692.066644, 147
1667098692.080441, 149
1667098692.094462, 149
1667098692.108550, 148
1667098692.122676, 148
1667098692.135906, 149
1667098692.148950, 150
1667098692.161999, 148
1667098692.174810, 149
1667098692.187795, 150
1667098692.200659, 150
1667098692.213560, 150
1667098692.226606, 148
1667098692.239553, 150
1667098692.252573, 150
1667098692.265551, 149
1667098692.278532, 148
1667098692.291338, 150
1667098692.304206, 149
1667098692.317782, 149
1667098692.331243, 149
1667098692.345028, 150
1667098692.358435, 149
1667098692.372215, 149
1667098692.386047, 149
1667098692.399826, 150
1667098692.413527, 149
1667098692.427285, 149
1667098692.441069, 148
1667098692.454950, 149
1667098692.468565, 149
1667098692.482113, 148
1667098692.495083, 148
1667098692.509022, 148
1667098692.523076, 147
1667098692.536188, 147
1667098692.549657, 148
1667098692.562741, 148
1667098692.575598, 147
1667098692.588289, 148
1667098692.601039, 147
1667098692.613762, 148
1667098692.626836, 149
1667098692.639592, 148
1667098692.652368, 149
1667098692.665155, 149
1667098692.678136, 149
1667098692.690930, 149
1667098692.703698, 148
1667098692.717408, 149
1667098692.730920, 148
1667098692.744553, 149
1667098692.758288, 148
1667098692.772159, 149
1667098692.786107, 150
1667098692.799774, 149
1667098692.813416, 149
1667098692.826757, 149
1667098692.840227, 149
1667098692.853664, 149
1667098692.866992, 148
1667098692.880424, 150
1667098692.893909, 149
1667098692.907515, 150
1667098692.920405, 148
1667098692.935003, 148
1667098692.948960, 148
1667098692.962014, 148
1667098692.974944, 147
1667098692.988095, 146
1667098693.001264, 146
1667098693.014077, 146
1667098693.026839, 146
1667098693.039598, 145
1667098693.052295, 146
1667098693.065220, 145
1667098693.078058, 144
1667098693.090888, 146
1667098693.103615, 147
1667098693.116525, 146
1667098693.129959, 147
1667098693.143636, 142
1667098693.157535, 138
1667098693.171448, 135
1667098693.185355, 131
1667098693.198422, 125
1667098693.211338, 119
1667098693.224127, 115
1667098693.236895, 110
1667098693.249807, 106
1667098693.262690, 101
1667098693.275523, 95
1667098693.288484, 90
1667098693.301260, 84
1667098693.314104, 78
1667098693.327139, 75
1667098693.340012, 70
1667098693.352914, 71
1667098693.366035, 72
1667098693.379054, 72
1667098693.391956, 72
1667098693.404695, 71
1667098693.418034, 72
1667098693.431716, 73
1667098693.445263, 73
1667098693.458356, 73
1667098693.471484, 72
1667098693.484603, 73
1667098693.497544, 73
1667098693.510467, 73
1667098693.523333, 73
1667098693.536452, 73
1667098693.549461, 72
1667098693.562253, 74
1667098693.575389, 73
1667098693.588331, 72
1667098693.601450, 71
1667098693.614253, 73
1667098693.627090, 72
1667098693.640021, 72
1667098693.653062, 71
1667098693.666063, 72
1667098693.678830, 72
1667098693.691654, 72
1667098693.705862, 72
1667098693.718773, 74
1667098693.732579, 73
1667098693.746467, 73
1667098693.760422, 74
1667098693.773653, 74
1667098693.786817, 73
1667098693.799815, 73
1667098693.812773, 74
1667098693.825567, 74
1667098693.838905, 73
1667098693.851732, 73
1667098693.864535, 73
1667098693.877369, 73
1667098693.890412, 73
1667098693.903396, 73
1667098693.916489, 72
1667098693.929408, 73
1667098693.942514, 74
1667098693.955347, 73
1667098693.968409, 72
1667098693.981289, 73
1667098693.994207, 75
1667098694.007042, 74
1667098694.019770, 74
1667098694.032839, 74
1667098694.046509, 75
1667098694.060250, 74
1667098694.073986, 73
1667098694.087720, 75
1667098694.101241, 74
1667098694.115512, 74
1667098694.128297, 74
1667098694.141808, 74
1667098694.155025, 75
1667098694.167807, 74
1667098694.180759, 73
1667098694.193980, 73
1667098694.206901, 74
1667098694.219921, 74
1667098694.232985, 73
1667098694.246133, 73
1667098694.258894, 74
1667098694.272151, 73
1667098694.285145, 76
1667098694.298142, 74
1667098694.310987, 75
1667098694.323967, 76
1667098694.336871, 75
1667098694.349674, 75
1667098694.362482, 74
1667098694.375537, 75
1667098694.389463, 75
1667098694.402828, 75
1667098694.416656, 75
1667098694.430265, 75
1667098694.443913, 75
1667098694.457333, 74
1667098694.471083, 75
1667098694.484738, 75
1667098694.498293, 74
1667098694.511960, 75
1667098694.525804, 75
1667098694.539404, 74
1667098694.553142, 74
1667098694.566780, 74
1667098694.580696, 76
1667098694.593595, 75
1667098694.607427, 75
1667098694.621490, 75
1667098694.635607, 76
1667098694.648892, 75
1667098694.661984, 77
1667098694.675029, 76
1667098694.688180, 76
1667098694.701497, 76
1667098694.714460, 77
1667098694.727306, 76
1667098694.740419, 76
1667098694.753624, 75
1667098694.766462, 76
1667098694.779558, 75
1667098694.792485, 75
1667098694.805881, 74
1667098694.818952, 76
1667098694.831890, 75
1667098694.845043, 75
1667098694.857868, 75
1667098694.870629, 76
1667098694.883555, 76
1667098694.896783, 76
1667098694.910593, 77
1667098694.924044, 76
1667098694.937559, 76
1667098694.950506, 77
1667098694.964496, 77
1667098694.978704, 77
1667098694.993107, 76
1667098695.006500, 76
1667098695.019474, 77
1667098695.032668, 77
1667098695.045869, 78
1667098695.058865, 75
1667098695.071752, 76
1667098695.084677, 77
1667098695.097718, 76
1667098695.110673, 75
1667098695.123510, 76
1667098695.136350, 77
1667098695.149384, 77
1667098695.162286, 76
1667098695.175107, 76
1667098695.187724, 78
1667098695.200512, 78
1667098695.213331, 77
1667098695.226388, 77
1667098695.239784, 78
1667098695.253625, 78
1667098695.267959, 77
1667098695.281328, 77
1667098695.294437, 78
1667098695.307471, 78
1667098695.320530, 77
1667098695.333653, 77
1667098695.346498, 78
1667098695.359341, 78
1667098695.372275, 77
1667098695.385497, 77
1667098695.398282, 76
1667098695.411261, 77
1667098695.424363, 76
1667098695.437173, 76
1667098695.450259, 76
1667098695.463082, 78
1667098695.475870, 79
1667098695.488616, 78
1667098695.501555, 77
1667098695.515438, 79
1667098695.529293, 79
1667098695.543247, 77
1667098695.557614, 77
1667098695.570641, 78
1667098695.583869, 78
1667098695.596895, 78
1667098695.609919, 78
1667098695.622963, 79
1667098695.635721, 79
1667098695.648669, 78
1667098695.661733, 78
1667098695.674973, 78
1667098695.687927, 77
1667098695.700796, 77
1667098695.713575, 77
1667098695.726630, 78
1667098695.739460, 78
1667098695.752263, 78
1667098695.765156, 76
1667098695.778211, 79
1667098695.791168, 79
1667098695.804227, 78
1667098695.818089, 79
1667098695.832193, 79
1667098695.845406, 80
1667098695.858632, 79
1667098695.871662, 79
1667098695.884691, 79
1667098695.897670, 80
1667098695.910596, 79
1667098695.923332, 79
1667098695.936346, 79
1667098695.949301, 80
1667098695.962424, 79
1667098695.975208, 79
1667098695.988076, 77
1667098696.001166, 79
1667098696.013934, 79
1667098696.027088, 78
1667098696.040063, 77
1667098696.052813, 79
1667098696.065631, 79
1667098696.078352, 78
1667098696.091167, 79
1667098696.104720, 80
1667098696.118328, 80
1667098696.132263, 79
1667098696.145555, 79
1667098696.159096, 80
1667098696.172318, 80
1667098696.185450, 79
1667098696.198808, 79
1667098696.211654, 80
1667098696.224516, 80
1667098696.237720, 79
1667098696.250570, 79
1667098696.263477, 80
1667098696.276274, 80
1667098696.289440, 80
1667098696.302186, 79
1667098696.315075, 79
1667098696.328604, 79
1667098696.342547, 80
1667098696.356103, 79
1667098696.370368, 79
1667098696.384537, 81
1667098696.397600, 80
1667098696.411741, 80
1667098696.425725, 80
1667098696.439908, 81
1667098696.453380, 81
1667098696.466509, 80
1667098696.479602, 81
1667098696.492897, 80
1667098696.506047, 81
1667098696.518989, 80
1667098696.531757, 81
1667098696.544935, 81
1667098696.557904, 81
1667098696.570743, 80
1667098696.583571, 80
1667098696.596538, 80
1667098696.609789, 79
1667098696.622886, 79
1667098696.635746, 79
1667098696.648640, 80
1667098696.661690, 80
1667098696.674524, 81
1667098696.687312, 80
1667098696.700579, 81
1667098696.713499, 81
1667098696.726983, 81
1667098696.741051, 81
1667098696.754927, 81
1667098696.768190, 81
1667098696.781248, 82
1667098696.794262, 81
1667098696.807412, 81
1667098696.820406, 81
1667098696.833336, 82
1667098696.846393, 81
1667098696.859212, 82
1667098696.872194, 81
1667098696.884984, 80
1667098696.897823, 80
1667098696.910598, 81
1667098696.923396, 81
1667098696.936505, 80
1667098696.949354, 81
1667098696.962212, 80
1667098696.975087, 81
1667098696.987848, 82
1667098697.000657, 82
1667098697.014276, 82
1667098697.028036, 81
1667098697.042022, 81
1667098697.056080, 81
1667098697.071066, 82
1667098697.085732, 83
1667098697.100215, 83
1667098697.114086, 82
1667098697.127108, 82
1667098697.140201, 82
1667098697.153227, 83
1667098697.166106, 83
1667098697.179096, 81
1667098697.192244, 82
1667098697.205480, 80
1667098697.218580, 81
1667098697.231647, 81
1667098697.244400, 81
1667098697.257166, 82
1667098697.270199, 82
1667098697.282946, 81
1667098697.295715, 82
1667098697.308578, 81
1667098697.321463, 83
1667098697.335411, 82
1667098697.349922, 82
1667098697.363875, 83
1667098697.377786, 82
1667098697.390966, 82
1667098697.404001, 83
1667098697.417109, 83
1667098697.430055, 82
1667098697.442825, 82
1667098697.455760, 83
1667098697.468784, 83
1667098697.481980, 82
1667098697.494861, 83
1667098697.507744, 83
1667098697.520632, 83
1667098697.533825, 83
1667098697.546709, 83
1667098697.559437, 82
1667098697.572233, 83
1667098697.585130, 83
1667098697.597928, 82
1667098697.611061, 82
1667098697.624429, 82
1667098697.639113, 84
1667098697.652799, 84
1667098697.666887, 83
1667098697.681015, 84
1667098697.694297, 84
1667098697.707351, 84
1667098697.720612, 83
1667098697.733591, 84
1667098697.746579, 84
1667098697.759374, 83
1667098697.772263, 84
1667098697.785086, 84
1667098697.798164, 86
1667098697.811107, 85
1667098697.823866, 85
1667098697.836784, 83
1667098697.849584, 84
1667098697.862707, 84
1667098697.875548, 84
1667098697.888422, 84
1667098697.901170, 83
1667098697.914073, 85
1667098697.926946, 85
1667098697.939690, 84
1667098697.952657, 85
1667098697.965954, 86
1667098697.979017, 85
1667098697.992520, 84
1667098698.006568, 84
1667098698.021036, 84
1667098698.035231, 83
1667098698.048405, 84
1667098698.061563, 85
1667098698.074592, 85
1667098698.087734, 85
1667098698.101479, 85
1667098698.114463, 84
1667098698.127288, 84
1667098698.140245, 85
1667098698.153205, 83
1667098698.166690, 84
1667098698.180049, 84
1667098698.193205, 84
1667098698.206179, 83
1667098698.219104, 84
1667098698.232124, 84
1667098698.245184, 83
1667098698.257974, 84
1667098698.270939, 84
1667098698.283839, 85
1667098698.296575, 85
1667098698.309374, 84
1667098698.322491, 84
1667098698.335907, 86
1667098698.349579, 86
1667098698.362931, 85
1667098698.376702, 85
1667098698.390222, 86
1667098698.403906, 86
1667098698.417575, 85
1667098698.431173, 85
1667098698.444731, 86
1667098698.458355, 86
1667098698.472308, 85
1667098698.486399, 84
1667098698.500673, 85
1667098698.514834, 84
1667098698.527889, 85
1667098698.540955, 84
1667098698.553956, 85
1667098698.566946, 85
1667098698.579681, 85
1667098698.592482, 86
1667098698.605280, 86
1667098698.618381, 85
1667098698.632434, 86
1667098698.645908, 86
1667098698.659553, 86
1667098698.673019, 86
1667098698.686719, 86
1667098698.700440, 85
1667098698.714687, 86
1667098698.728209, 86
1667098698.742073, 86
1667098698.756171, 85
1667098698.769430, 87
1667098698.782624, 85
1667098698.795715, 86
1667098698.808782, 85
1667098698.821921, 86
1667098698.834988, 86
1667098698.847738, 86
1667098698.860411, 85
16670