1667098452.899066, 0
1667098452.916678, 1
1667098452.930608, 2
1667098452.943551, 0
1667098452.956436, 3
1667098452.969348, 2
1667098452.982543, 5
1667098452.995698, 8
1667098453.008503, 13
1667098453.021361, 15
1667098453.034214, 19
1667098453.047076, 19
1667098453.060619, 25
1667098453.073967, 28
1667098453.087269, 32
1667098453.100737, 34
1667098453.114155, 39
1667098453.127893, 42
1667098453.140862, 46
1667098453.154768, 48
1667098453.168670, 50
1667098453.182629, 50
1667098453.195688, 49
1667098453.208728, 50
1667098453.221677, 49
1667098453.234569, 50
1667098453.247461, 50
1667098453.260319, 50
1667098453.273313, 50
1667098453.286088, 50
1667098453.298991, 50
1667098453.311992, 49
1667098453.324803, 50
1667098453.338048, 50
1667098453.351068, 50
1667098453.363995, 50
1667098453.376856, 50
1667098453.389829, 50
1667098453.402820, 49
1667098453.415882, 50
1667098453.428592, 50
1667098453.442779, 50
1667098453.456579, 50
1667098453.469858, 50
1667098453.483354, 49
1667098453.496759, 49
1667098453.510488, 50
1667098453.523999, 50
1667098453.537614, 49
1667098453.550900, 49
1667098453.564401, 50
1667098453.577862, 50
1667098453.591274, 49
1667098453.605140, 49
1667098453.618291, 49
1667098453.631839, 50
1667098453.645490, 49
1667098453.660177, 50
1667098453.673594, 49
1667098453.686998, 49
1667098453.700789, 50
1667098453.714446, 50
1667098453.727895, 48
1667098453.741212, 48
1667098453.754705, 49
1667098453.768440, 46
1667098453.781887, 47
1667098453.795384, 48
1667098453.809039, 49
1667098453.822436, 48
1667098453.836300, 50
1667098453.849850, 45
1667098453.863335, 45
1667098453.876744, 45
1667098453.890250, 46
1667098453.903594, 46
1667098453.917338, 49
1667098453.930663, 47
1667098453.944161, 47
1667098453.957424, 48
1667098453.971291, 44
1667098453.985168, 45
1667098453.998126, 46
1667098454.010956, 49
1667098454.023692, 48
1667098454.036478, 49
1667098454.049353, 49
1667098454.062128, 46
1667098454.074923, 47
1667098454.087849, 50
1667098454.100734, 46
1667098454.113700, 44
1667098454.126476, 42
1667098454.139207, 40
1667098454.151921, 34
1667098454.165452, 29
1667098454.178865, 23
1667098454.192334, 24
1667098454.205486, 25
1667098454.219644, 27
1667098454.232669, 24
1667098454.245539, 25
1667098454.258452, 25
1667098454.271305, 27
1667098454.284135, 24
1667098454.296940, 24
1667098454.309676, 25
1667098454.322469, 25
1667098454.335314, 23
1667098454.348252, 23
1667098454.361214, 23
1667098454.374095, 24
1667098454.386845, 22
1667098454.399658, 23
1667098454.412445, 24
1667098454.425582, 24
1667098454.438976, 22
1667098454.452692, 21
1667098454.466046, 23
1667098454.480007, 22
1667098454.493733, 19
1667098454.506950, 20
1667098454.520270, 20
1667098454.533926, 21
1667098454.547481, 21
1667098454.561159, 21
1667098454.574501, 21
1667098454.588213, 22
1667098454.601812, 19
1667098454.615410, 18
1667098454.628953, 19
1667098454.642360, 20
1667098454.656210, 20
1667098454.669542, 18
1667098454.682964, 17
1667098454.696453, 19
1667098454.709990, 20
1667098454.723486, 20
1667098454.737084, 19
1667098454.750666, 18
1667098454.764447, 20
1667098454.778313, 19
1667098454.792193, 19
1667098454.806447, 20
1667098454.820448, 20
1667098454.833608, 21
1667098454.846905, 20
1667098454.859959, 20
1667098454.873886, 20
1667098454.887015, 20
1667098454.899820, 21
1667098454.912728, 21
1667098454.925728, 19
1667098454.938858, 21
1667098454.951818, 21
1667098454.964653, 20
1667098454.977436, 20
1667098454.990334, 20
1667098455.003123, 21
1667098455.016034, 21
1667098455.028980, 21
1667098455.041726, 20
1667098455.055017, 21
1667098455.067860, 21
1667098455.081320, 21
1667098455.095123, 22
1667098455.108524, 22
1667098455.122371, 22
1667098455.136591, 21
1667098455.150976, 23
1667098455.165126, 22
1667098455.178283, 23
1667098455.191434, 22
1667098455.204825, 22
1667098455.218101, 23
1667098455.231214, 22
1667098455.244051, 22
1667098455.256952, 22
1667098455.269952, 23
1667098455.283221, 22
1667098455.295976, 22
1667098455.308907, 23
1667098455.322002, 22
1667098455.334846, 22
1667098455.347804, 24
1667098455.360727, 24
1667098455.373956, 23
1667098455.386869, 24
1667098455.399832, 24
1667098455.412774, 23
1667098455.425807, 24
1667098455.438628, 23
1667098455.451409, 25
1667098455.464140, 24
1667098455.477454, 24
1667098455.490998, 25
1667098455.504721, 25
1667098455.518200, 24
1667098455.531857, 24
1667098455.545635, 25
1667098455.559091, 24
1667098455.572917, 25
1667098455.586655, 25
1667098455.600422, 25
1667098455.614208, 25
1667098455.627827, 26
1667098455.641483, 26
1667098455.655016, 26
1667098455.668697, 26
1667098455.682173, 24
1667098455.695660, 26
1667098455.709319, 26
1667098455.723047, 26
1667098455.736495, 26
1667098455.750337, 26
1667098455.763729, 25
1667098455.777528, 26
1667098455.791016, 26
1667098455.804583, 26
1667098455.818205, 27
1667098455.831565, 27
1667098455.845108, 26
1667098455.858530, 26
1667098455.872184, 27
1667098455.885911, 28
1667098455.899566, 27
1667098455.913394, 27
1667098455.926751, 28
1667098455.940722, 28
1667098455.954029, 27
1667098455.967566, 27
1667098455.981826, 27
1667098455.995906, 28
1667098456.009849, 27
1667098456.023717, 28
1667098456.037722, 27
1667098456.050954, 29
1667098456.064375, 28
1667098456.077676, 28
1667098456.090406, 28
1667098456.103207, 29
1667098456.116080, 28
1667098456.129180, 29
1667098456.142004, 28
1667098456.154840, 29
1667098456.167613, 29
1667098456.180466, 29
1667098456.194118, 29
1667098456.207495, 29
1667098456.221404, 29
1667098456.235762, 30
1667098456.249603, 29
1667098456.263710, 30
1667098456.277795, 29
1667098456.292194, 29
1667098456.306217, 29
1667098456.319303, 30
1667098456.332634, 29
1667098456.346430, 30
1667098456.359727, 29
1667098456.372584, 31
1667098456.385678, 30
1667098456.398714, 31
1667098456.411820, 30
1667098456.424618, 31
1667098456.437780, 30
1667098456.450835, 30
1667098456.463708, 31
1667098456.476560, 30
1667098456.489614, 31
1667098456.502609, 31
1667098456.515425, 31
1667098456.528343, 30
1667098456.541354, 30
1667098456.554265, 31
1667098456.567094, 31
1667098456.580786, 32
1667098456.594449, 32
1667098456.608112, 31
1667098456.621483, 32
1667098456.634834, 32
1667098456.648359, 31
1667098456.661910, 31
1667098456.675333, 32
1667098456.688921, 31
1667098456.702474, 32
1667098456.715879, 33
1667098456.729524, 33
1667098456.742848, 33
1667098456.756888, 33
1667098456.770903, 33
1667098456.784882, 33
1667098456.797903, 33
1667098456.811183, 34
1667098456.824744, 33
1667098456.838886, 34
1667098456.852486, 34
1667098456.866430, 33
1667098456.880571, 33
1667098456.894964, 33
1667098456.908064, 34
1667098456.921422, 34
1667098456.934626, 34
1667098456.947855, 35
1667098456.960965, 35
1667098456.973943, 33
1667098456.986806, 34
1667098456.999689, 35
1667098457.012908, 35
1667098457.025996, 34
1667098457.038709, 35
1667098457.051436, 34
1667098457.064550, 34
1667098457.077632, 34
1667098457.090723, 35
1667098457.103499, 34
1667098457.116315, 36
1667098457.129140, 36
1667098457.141907, 35
1667098457.155231, 34
1667098457.169874, 36
1667098457.183770, 35
1667098457.197311, 36
1667098457.211195, 35
1667098457.224758, 35
1667098457.237984, 36
1667098457.251035, 35
1667098457.264321, 34
1667098457.277858, 36
1667098457.291086, 35
1667098457.303856, 37
1667098457.316680, 36
1667098457.329512, 37
1667098457.342589, 37
1667098457.355370, 35
1667098457.368256, 37
1667098457.381004, 36
1667098457.393851, 37
1667098457.406563, 37
1667098457.419574, 36
1667098457.432713, 36
1667098457.445511, 36
1667098457.458515, 36
1667098457.471580, 36
1667098457.484450, 37
1667098457.497191, 36
1667098457.510389, 38
1667098457.523680, 38
1667098457.537576, 37
1667098457.551338, 38
1667098457.564967, 37
1667098457.578497, 38
1667098457.591892, 37
1667098457.605938, 38
1667098457.619814, 37
1667098457.633641, 37
1667098457.647052, 38
1667098457.660716, 37
1667098457.674362, 37
1667098457.687850, 37
1667098457.701238, 38
1667098457.714674, 39
1667098457.728320, 39
1667098457.742114, 39
1667098457.755481, 38
1667098457.769215, 38
1667098457.782410, 39
1667098457.796345, 38
1667098457.810524, 38
1667098457.823706, 39
1667098457.836540, 38
1667098457.849318, 38
1667098457.862363, 38
1667098457.875187, 38
1667098457.888108, 39
1667098457.901046, 38
1667098457.913864, 39
1667098457.926892, 40
1667098457.939977, 40
1667098457.952802, 39
1667098457.965680, 40
1667098457.978381, 40
1667098457.991185, 40
1667098458.004056, 38
1667098458.016750, 39
1667098458.029588, 38
1667098458.042810, 39
1667098458.056338, 39
1667098458.070148, 38
1667098458.083878, 39
1667098458.097330, 40
1667098458.110853, 40
1667098458.124679, 40
1667098458.138289, 39
1667098458.151976, 41
1667098458.165510, 40
1667098458.178913, 41
1667098458.192295, 42
1667098458.205748, 42
1667098458.219915, 42
1667098458.233672, 42
1667098458.246666, 41
1667098458.259606, 43
1667098458.272438, 41
1667098458.285350, 42
1667098458.298141, 40
1667098458.310897, 42
1667098458.323644, 42
1667098458.336510, 41
1667098458.349297, 41
1667098458.362072, 42
1667098458.374904, 42
1667098458.388437, 41
1667098458.401893, 41
1667098458.415489, 42
1667098458.429159, 41
1667098458.442808, 42
1667098458.456228, 42
1667098458.470040, 41
1667098458.483317, 41
1667098458.497097, 41
1667098458.510417, 40
1667098458.523875, 41
1667098458.537363, 42
1667098458.550730, 42
1667098458.564138, 42
1667098458.577557, 43
1667098458.590958, 43
1667098458.604613, 43
1667098458.618507, 42
1667098458.632218, 42
1667098458.645732, 42
1667098458.659547, 43
1667098458.672950, 42
1667098458.687097, 44
1667098458.700390, 43
1667098458.714208, 44
1667098458.727660, 44
1667098458.741347, 43
1667098458.755124, 43
1667098458.768649, 44
1667098458.782235, 44
1667098458.795680, 44
1667098458.809100, 44
1667098458.822402, 44
1667098458.835992, 44
1667098458.849460, 43
1667098458.863279, 43
1667098458.876785, 44
1667098458.890444, 44
1667098458.903699, 43
1667098458.917490, 43
1667098458.931018, 44
1667098458.944758, 44
1667098458.958298, 43
1667098458.972138, 43
1667098458.985611, 44
1667098458.999172, 44
1667098459.012522, 43
1667098459.026609, 44
1667098459.040806, 43
1667098459.054576, 43
1667098459.069155, 45
1667098459.082874, 44
1667098459.097026, 44
1667098459.111178, 45
1667098459.125316, 45
1667098459.138642, 45
1667098459.151756, 44
1667098459.164756, 45
1667098459.177900, 46
1667098459.190870, 46
1667098459.204073, 46
1667098459.217565, 44
1667098459.230488, 45
1667098459.243327, 46
1667098459.256091, 45
1667098459.269518, 45
1667098459.282239, 46
1667098459.294983, 45
1667098459.307736, 46
1667098459.324115, 46
1667098459.336991, 45
1667098459.350407, 46
1667098459.364929, 46
1667098459.378758, 46
1667098459.392389, 45
1667098459.405718, 45
1667098459.419336, 46
1667098459.433318, 46
1667098459.447079, 45
1667098459.460783, 45
1667098459.474277, 45
1667098459.487842, 46
1667098459.501432, 45
1667098459.514965, 47
1667098459.528574, 47
1667098459.542203, 47
1667098459.555992, 46
1667098459.569430, 46
1667098459.582893, 46
1667098459.596601, 47
1667098459.610499, 46
1667098459.623716, 47
1667098459.637219, 47
1667098459.650699, 48
1667098459.664245, 47
1667098459.678020, 48
1667098459.691512, 48
1667098459.705099, 47
1667098459.718672, 47
1667098459.732001, 46
1667098459.746049, 45
1667098459.759468, 47
1667098459.773147, 46
1667098459.786370, 46
1667098459.800350, 46
1667098459.814309, 47
1667098459.828673, 47
1667098459.843059, 47
1667098459.857242, 47
1667098459.870324, 47
1667098459.883274, 46
1667098459.896348, 47
1667098459.909533, 46
1667098459.922885, 48
1667098459.935662, 47
1667098459.949356, 47
1667098459.962088, 46
1667098459.974836, 48
1667098459.987694, 47
1667098460.000579, 47
1667098460.013618, 47
1667098460.026418, 47
1667098460.039323, 47
1667098460.052170, 48
1667098460.065342, 48
1667098460.078337, 47
1667098460.091150, 48
1667098460.103844, 46
1667098460.116655, 48
1667098460.129690, 47
1667098460.143339, 47
1667098460.156988, 47
1667098460.170983, 48
1667098460.184471, 47
1667098460.198041, 48
1667098460.211804, 47
1667098460.225579, 48
1667098460.239205, 48
1667098460.252815, 48
1667098460.266217, 48
1667098460.280375, 49
1667098460.293693, 49
1667098460.307249, 48
1667098460.320768, 48
1667098460.334484, 49
1667098460.347801, 48
1667098460.361341, 48
1667098460.374974, 48
1667098460.388498, 49
1667098460.401859, 49
1667098460.415310, 49
1667098460.428982, 49
1667098460.442673, 49
1667098460.456368, 50
1667098460.469755, 49
1667098460.483396, 49
1667098460.496982, 48
1667098460.510628, 49
1667098460.524032, 50
1667098460.537466, 49
1667098460.551425, 50
1667098460.565652, 49
1667098460.582603, 50
1667098460.596172, 50
1667098460.609014, 49
1667098460.621896, 50
1667098460.635721, 49
1667098460.649580, 49
1667098460.663709, 50
1667098460.678058, 50
1667098460.692268, 49
1667098460.706508, 48
1667098460.720804, 49
1667098460.734812, 50
1667098460.749061, 49
1667098460.762479, 49
1667098460.776397, 49
1667098460.789574, 50
1667098460.802459, 50
1667098460.815307, 50
1667098460.828090, 49
1667098460.841076, 49
1667098460.853965, 49
1667098460.866842, 49
1667098460.879563, 50
1667098460.892409, 49
1667098460.905474, 48
1667098460.918249, 48
1667098460.931016, 48
1667098460.943875, 43
1667098460.956695, 38
1667098460.969591, 32
1667098460.982559, 27
1667098460.995429, 21
1667098461.008219, 21
1667098461.021195, 23
1667098461.034622, 22
1667098461.048228, 23
1667098461.061828, 23
1667098461.075756, 22
1667098461.089678, 23
1667098461.103683, 22
1667098461.117308, 23
1667098461.130696, 23
1667098461.143826, 22
1667098461.156926, 24
1667098461.169929, 24
1667098461.183112, 23
1667098461.196161, 23
1667098461.208997, 24
1667098461.222089, 24
1667098461.235081, 24
1667098461.247848, 24
1667098461.260689, 23
1667098461.273417, 24
1667098461.286471, 25
1667098461.299311, 24
1667098461.312330, 24
1667098461.325141, 25
1667098461.338149, 25
1667098461.350988, 24
1667098461.363953, 25
1667098461.376692, 24
1667098461.389894, 26
1667098461.403176, 26
1667098461.416810, 25
1667098461.430384, 24
1667098461.444207, 26
1667098461.457793, 25
1667098461.471614, 26
1667098461.485336, 25
1667098461.498995, 25
1667098461.512923, 25
1667098461.526309, 26
1667098461.539807, 27
1667098461.553490, 27
1667098461.567145, 26
1667098461.580731, 26
1667098461.594565, 26
1667098461.608167, 27
1667098461.621982, 27
1667098461.635863, 26
1667098461.650159, 27
1667098461.663636, 27
1667098461.677071, 26
1667098461.690342, 27
1667098461.703972, 27
1667098461.717567, 27
1667098461.731386, 27
1667098461.744976, 26
1667098461.758697, 28
1667098461.772157, 27
1667098461.785812, 27
1667098461.799387, 28
1667098461.812822, 27
1667098461.826184, 28
1667098461.840844, 28
1667098461.854515, 27
1667098461.868486, 27
1667098461.882271, 28
1667098461.895316, 28
1667098461.908606, 28
1667098461.921827, 27
1667098461.934683, 29
1667098461.947670, 28
1667098461.960511, 29
1667098461.973606, 28
1667098461.986423, 29
1667098461.999212, 28
1667098462.011964, 29
1667098462.024747, 29
1667098462.038206, 30
1667098462.051820, 30
1667098462.065578, 29
1667098462.078994, 30
1667098462.092701, 30
1667098462.106428, 29
1667098462.119928, 30
1667098462.133742, 29
1667098462.147720, 29
1667098462.161283, 30
1667098462.175060, 30
1667098462.188968, 29
1667098462.202630, 31
1667098462.216091, 31
1667098462.229551, 30
1667098462.242894, 30
1667098462.256506, 31
1667098462.270036, 31
1667098462.283799, 31
1667098462.297412, 30
1667098462.311259, 31
1667098462.324501, 30
1667098462.338028, 31
1667098462.351669, 31
1667098462.365349, 32
1667098462.378658, 31
1667098462.392337, 31
1667098462.406776, 31
1667098462.420917, 31
1667098462.434775, 31
1667098462.448626, 32
1667098462.462240, 32
1667098462.475662, 31
1667098462.489208, 31
1667098462.502816, 32
1667098462.516558, 32
1667098462.530134, 31
1667098462.543674, 32
1667098462.557667, 32
1667098462.571892, 32
1667098462.586460, 32
1667098462.600549, 32
1667098462.614754, 32
1667098462.627771, 32
1667098462.640659, 33
1667098462.653719, 32
1667098462.666620, 33
1667098462.679676, 33
1667098462.692454, 32
1667098462.705210, 32
1667098462.718153, 33
1667098462.731003, 33
1667098462.743972, 34
1667098462.756698, 33
1667098462.769439, 33
1667098462.782245, 33
1667098462.795093, 34
1667098462.807888, 33
1667098462.821514, 33
1667098462.835156, 33
1667098462.848824, 34
1667098462.862394, 33
1667098462.875875, 33
1667098462.889312, 34
1667098462.902646, 34
1667098462.916127, 35
1667098462.929736, 34
1667098462.943339, 34
1667098462.957247, 35
1667098462.970688, 34
1667098462.984376, 34
1667098462.997894, 34
1667098463.011500, 35
1667098463.025336, 35
1667098463.038774, 34
1667098463.052312, 35
1667098463.066093, 35
1667098463.079652, 34
1667098463.093487, 34
1667098463.108428, 35
1667098463.121314, 36
1667098463.134245, 36
1667098463.148632, 35
1667098463.163105, 34
1667098463.177209, 36
1667098463.190453, 36
1667098463.203626, 36
1667098463.216688, 35
1667098463.229785, 36
1667098463.243325, 36
1667098463.256730, 35
1667098463.269740, 36
1667098463.282897, 35
1667098463.295794, 36
1667098463.308576, 36
1667098463.321627, 36
1667098463.334956, 36
1667098463.347823, 37
1667098463.360634, 37
1667098463.373578, 37
1667098463.386717, 38
1667098463.399515, 37
1667098463.412466, 38
1667098463.425301, 37
1667098463.438124, 37
1667098463.450902, 37
1667098463.463964, 37
1667098463.477854, 36
1667098463.491578, 37
1667098463.505003, 37
1667098463.518369, 38
1667098463.531881, 37
1667098463.545572, 38
1667098463.559531, 39
1667098463.572512, 39
1667098463.586402, 38
1667098463.600430, 38
1667098463.613517, 39
1667098463.626666, 38
1667098463.640151, 38
1667098463.653219, 38
1667098463.666020, 38
1667098463.679041, 38
1667098463.691807, 38
1667098463.705009, 37
1667098463.717893, 39
1667098463.731052, 39
1667098463.743816, 38
1667098463.758388, 39
1667098463.774224, 39
1667098463.787379, 40
1667098463.800260, 39
1667098463.813381, 40
1667098463.826175, 40
1667098463.839232, 40
1667098463.852358, 39
1667098463.865702, 38
1667098463.878678, 38
1667098463.891564, 39
1667098463.904479, 38
1667098463.917694, 38
1667098463.930722, 40
1667098463.943922, 40
1667098463.956864, 39
1667098463.969660, 40
1667098463.982380, 40
1667098463.997757, 41
1667098464.011631, 41
1667098464.024663, 40
1667098464.038207, 40
1667098464.052446, 41
1667098464.066148, 40
1667098464.079740, 40
1667098464.093119, 39
1667098464.106640, 40
1667098464.120112, 39
1667098464.133663, 39
1667098464.146949, 40
1667098464.160418, 41
1667098464.174609, 40
1667098464.187520, 40
1667098464.201730, 41
1667098464.215700, 42
1667098464.229784, 42
1667098464.242838, 41
1667098464.255988, 42
1667098464.269357, 41
1667098464.282321, 42
1667098464.295310, 40
1667098464.308260, 41
1667098464.321542, 40
1667098464.334436, 41
1667098464.347320, 40
1667098464.360152, 41
1667098464.373140, 41
1667098464.385951, 41
1667098464.398915, 42
1667098464.411690, 42
1667098464.424555, 43
1667098464.438087, 43
1667098464.451659, 42
1667098464.465458, 43
1667098464.478846, 43
1667098464.492493, 43
1667098464.505984, 42
1667098464.519453, 42
1667098464.533868, 41
1667098464.547341, 42
1667098464.561281, 41
1667098464.575565, 42
1667098464.588975, 41
1667098464.602056, 42
1667098464.615078, 42
1667098464.628218, 42
1667098464.641617, 43
1667098464.654525, 44
1667098464.667271, 44
1667098464.680446, 43
1667098464.693295, 44
1667098464.706270, 44
1667098464.719038, 44
1667098464.732031, 44
1667098464.745045, 43
1667098464.758079, 42
1667098464.770891, 43
1667098464.783921, 43
1667098464.796889, 43
1667098464.809698, 43
1667098464.822470, 43
1667098464.835893, 42
1667098464.849587, 44
1667098464.863038, 45
1667098464.876586, 45
1667098464.889803, 44
1667098464.903208, 44
1667098464.917186, 45
1667098464.930437, 45
1667098464.943512, 45
1667098464.956542, 43
1667098464.969508, 44
1667098464.982368, 44
1667098464.995134, 43
1667098465.007921, 44
1667098465.020610, 44
1667098465.033461, 45
1667098465.046627, 45
1667098465.059450, 44
1667098465.072526, 43
1667098465.085368, 46
1667098465.098392, 46
1667098465.111473, 45
1667098465.124253, 45
1667098465.137068, 45
1667098465.149907, 44
1667098465.163283, 46
1667098465.176794, 46
1667098465.190358, 45
1667098465.204142, 45
1667098465.217698, 45
1667098465.231023, 45
1667098465.244513, 45
1667098465.258184, 45
1667098465.271822, 45
1667098465.285629, 45
1667098465.299516, 44
1667098465.313048, 46
1667098465.325909, 46
1667098465.339641, 48
1667098465.354211, 48
1667098465.368323, 48
1667098465.381618, 47
1667098465.395135, 48
1667098465.408257, 48
1667098465.422499, 47
1667098465.435479, 46
1667098465.448401, 46
1667098465.461527, 46
1667098465.474348, 46
1667098465.487330, 46
1667098465.500296, 46
1667098465.513112, 46
1667098465.525830, 45
1667098465.538633, 48
1667098465.551588, 47
1667098465.565464, 47
1667098465.579534, 47
1667098465.593719, 48
1667098465.606930, 47
1667098465.620312, 47
1667098465.633421, 48
1667098465.646314, 47
1667098465.659268, 46
1667098465.672221, 46
1667098465.685216, 47
1667098465.698107, 47
1667098465.711076, 47
1667098465.724314, 47
1667098465.737188, 46
1667098465.750379, 47
1667098465.763107, 48
1667098465.775872, 48
1667098465.788571, 48
1667098465.801522, 49
1667098465.815261, 48
1667098465.829406, 49
1667098465.843523, 49
1667098465.858058, 48
1667098465.871138, 49
1667098465.886375, 48
1667098465.899342, 47
1667098465.912272, 47
1667098465.925347, 48
1667098465.938125, 47
1667098465.950893, 48
1667098465.963891, 48
1667098465.976913, 49
1667098465.989886, 49
1667098466.002816, 49
1667098466.015965, 49
1667098466.028940, 49
1667098466.041744, 49
1667098466.054670, 48
1667098466.067467, 49
1667098466.080377, 50
1667098466.093077, 49
1667098466.105879, 49
1667098466.119396, 48
1667098466.133719, 48
1667098466.148047, 48
1667098466.162104, 48
1667098466.175957, 49
1667098466.190026, 49
1667098466.204265, 48
1667098466.217703, 48
1667098466.230732, 50
1667098466.243636, 50
1667098466.256523, 49
1667098466.269857, 48
1667098466.282883, 49
1667098466.295870, 50
1667098466.308863, 49
1667098466.321764, 49
1667098466.334746, 49
1667098466.347876, 49
1667098466.360846, 48
1667098466.373651, 49
1667098466.386586, 48
1667098466.399335, 48
1667098466.412039, 48
1667098466.425238, 48
1667098466.438426, 49
1667098466.451880, 48
1667098466.465517, 50
1667098466.478333, 48
1667098466.492298, 48
1667098466.506164, 41
1667098466.519027, 36
1667098466.532155, 31
1667098466.545110, 24
1667098466.557856, 23
1667098466.570857, 23
1667098466.583759, 22
1667098466.596878, 21
1667098466.609619, 21
1667098466.622531, 20
1667098466.635252, 22
1667098466.648104, 23
1667098466.661550, 24
1667098466.674357, 24
1667098466.687280, 23
1667098466.700726, 24
1667098466.714924, 22
1667098466.728808, 23
1667098466.742678, 23
1667098466.756733, 23
1667098466.770807, 23
1667098466.784065, 24
1667098466.797260, 24
1667098466.810428, 22
1667098466.823183, 24
1667098466.837115, 24
1667098466.849994, 26
1667098466.862816, 25
1667098466.875719, 25
1667098466.888490, 24
1667098466.901491, 24
1667098466.914320, 24
1667098466.927249, 25
1667098466.940159, 25
1667098466.952986, 25
1667098466.965707, 24
1667098466.978568, 25
1667098466.992089, 24
1667098467.006053, 27
1667098467.019056, 26
1667098467.033001, 26
1667098467.047081, 26
1667098467.060301, 27
1667098467.073478, 25
1667098467.086633, 26
1667098467.099604, 26
1667098467.112491, 26
1667098467.125336, 25
1667098467.138214, 26
1667098467.151061, 26
1667098467.164134, 25
1667098467.177003, 26
1667098467.190385, 27
1667098467.203316, 27
1667098467.216216, 26
1667098467.229062, 28
1667098467.241891, 27
1667098467.254622, 27
1667098467.267610, 26
1667098467.281325, 27
1667098467.294731, 27
1667098467.308353, 27
1667098467.321764, 27
1667098467.335284, 28
1667098467.348885, 27
1667098467.362478, 27
1667098467.375511, 28
1667098467.389710, 30
1667098467.403769, 29
1667098467.417764, 29
1667098467.430889, 28
1667098467.443830, 28
1667098467.457192, 27
1667098467.470635, 26
1667098467.483802, 28
1667098467.496988, 28
1667098467.509778, 27
1667098467.522675, 28
1667098467.535669, 27
1667098467.548622, 30
1667098467.561312, 29
1667098467.574051, 28
1667098467.587181, 30
1667098467.600148, 29
1667098467.613942, 28
1667098467.627982, 27
1667098467.642013, 28
1667098467.656001, 30
1667098467.669220, 29
1667098467.682582, 29
1667098467.695546, 28
1667098467.708551, 30
1667098467.721544, 30
1667098467.734484, 30
1667098467.747360, 30
1667098467.760311, 30
1667098467.773446, 31
1667098467.786591, 30
1667098467.799563, 30
1667098467.812543, 31
1667098467.825378, 31
1667098467.838575, 30
1667098467.851452, 30
1667098467.864229, 29
1667098467.877147, 31
1667098467.890011, 30
1667098467.902729, 31
1667098467.915460, 31
1667098467.929690, 33
1667098467.942815, 32
1667098467.955666, 32
1667098467.969769, 32
1667098467.983993, 32
1667098467.997955, 31
1667098468.011802, 30
1667098468.025147, 31
1667098468.038442, 30
1667098468.051583, 31
1667098468.064873, 30
1667098468.077961, 32
1667098468.091051, 32
1667098468.103801, 31
1667098468.116714, 33
1667098468.129468, 32
1667098468.142251, 33
1667098468.155051, 33
1667098468.168020, 33
1667098468.181211, 32
1667098468.194156, 33
1667098468.207015, 33
1667098468.220010, 32
1667098468.232932, 32
1667098468.245813, 32
1667098468.258601, 33
1667098468.271974, 33
1667098468.285749, 33
1667098468.299112, 32
1667098468.312894, 34
1667098468.325804, 33
1667098468.339637, 34
1667098468.353672, 35
1667098468.367956, 35
1667098468.381300, 35
1667098468.394693, 32
1667098468.407785, 34
1667098468.421006, 33
1667098468.434025, 34
1667098468.447016, 34
1667098468.459904, 34
1667098468.473179, 33
1667098468.486287, 33
1667098468.499345, 33
1667098468.512401, 35
1667098468.525170, 35
1667098468.538017, 35
1667098468.550858, 35
1667098468.563735, 35
1667098468.576682, 36
1667098468.589622, 35
1667098468.602943, 34
1667098468.616023, 33
1667098468.630432, 35
1667098468.644234, 34
1667098468.657242, 34
1667098468.670211, 35
1667098468.683107, 35
1667098468.696126, 34
1667098468.709070, 36
1667098468.721844, 35
1667098468.734635, 37
1667098468.747442, 37
1667098468.760277, 36
1667098468.773694, 36
1667098468.787887, 36
1667098468.801737, 35
1667098468.815820, 35
1667098468.829967, 36
1667098468.843036, 36
1667098468.857120, 35
1667098468.870254, 36
1667098468.883237, 36
1667098468.896143, 36
1667098468.909086, 36
1667098468.921974, 36
1667098468.934804, 38
1667098468.947607, 38
1667098468.960406, 38
1667098468.973408, 38
1667098468.986407, 37
1667098468.999188, 36
1667098469.012101, 37
1667098469.025250, 37
1667098469.038183, 37
1667098469.051124, 36
1667098469.063896, 37
1667098469.076746, 37
1667098469.090260, 37
1667098469.103709, 37
1667098469.117486, 38
1667098469.130505, 38
1667098469.144359, 38
1667098469.158549, 39
1667098469.172606, 38
1667098469.185659, 39
1667098469.198896, 38
1667098469.212015, 37
1667098469.224950, 38
1667098469.237943, 38
1667098469.250726, 37
1667098469.263631, 37
1667098469.276781, 37
1667098469.289777, 38
1667098469.303033, 38
1667098469.315842, 37
1667098469.328809, 38
1667098469.341599, 38
1667098469.354591, 40
1667098469.367450, 39
1667098469.380489, 40
1667098469.393307, 39
1667098469.406060, 40
1667098469.419121, 38
1667098469.432547, 39
1667098469.446793, 38
1667098469.460681, 38
1667098469.474883, 38
1667098469.489043, 38
1667098469.503210, 39
1667098469.516616, 38
1667098469.529749, 39
1667098469.542527, 40
1667098469.555735, 40
1667098469.568862, 40
1667098469.581712, 41
1667098469.594532, 41
1667098469.607510, 41
1667098469.620667, 39
1667098469.633728, 39
1667098469.646742, 40
1667098469.659639, 40
1667098469.672794, 39
1667098469.685810, 40
1667098469.698777, 40
1667098469.711806, 40
1667098469.724645, 41
1667098469.737645, 41
1667098469.750433, 41
1667098469.763261, 41
1667098469.776812, 40
1667098469.790439, 42
1667098469.803609, 41
1667098469.818185, 41
1667098469.833495, 40
1667098469.849305, 40
1667098469.864619, 41
1667098469.877889, 40
1667098469.891914, 41
1667098469.905340, 40
1667098469.919062, 40
1667098469.932195, 41
1667098469.945478, 41
1667098469.958954, 41
1667098469.972069, 42
1667098469.985098, 42
1667098469.997896, 41
1667098470.010780, 43
1667098470.023635, 42
1667098470.036701, 43
1667098470.049706, 42
1667098470.062510, 41
1667098470.075295, 41
1667098470.088167, 42
1667098470.101749, 42
1667098470.114968, 42
1667098470.128299, 43
1667098470.142050, 42
1667098470.155440, 41
1667098470.169221, 42
1667098470.182276, 42
1667098470.196097, 43
1667098470.210094, 43
1667098470.223101, 42
1667098470.236173, 43
1667098470.249003, 44
1667098470.261983, 44
1667098470.275114, 43
1667098470.287885, 43
1667098470.300757, 41
1667098470.313648, 43
1667098470.326795, 42
1667098470.339752, 43
1667098470.352618, 43
1667098470.365575, 43
1667098470.378937, 42
1667098470.391968, 44
1667098470.404729, 44
1667098470.417598, 44
1667098470.431116, 44
1667098470.445059, 44
1667098470.459162, 44
1667098470.472184, 45
1667098470.485378, 45
1667098470.498254, 43
1667098470.511065, 44
1667098470.524102, 44
1667098470.536868, 44
1667098470.550163, 44
1667098470.562902, 43
1667098470.575655, 43
1667098470.588636, 44
1667098470.601435, 44
1667098470.614652, 45
1667098470.627484, 44
1667098470.640231, 45
1667098470.653255, 45
1667098470.666086, 45
1667098470.679922, 45
1667098470.694250, 45
1667098470.708357, 46
1667098470.722329, 44
1667098470.735577, 44
1667098470.748724, 44
1667098470.761630, 45
1667098470.774572, 45
1667098470.787488, 44
1667098470.800712, 44
1667098470.813708, 45
1667098470.826582, 45
1667098470.839518, 45
1667098470.852583, 46
1667098470.865323, 45
1667098470.878124, 46
1667098470.890997, 46
1667098470.903884, 46
1667098470.916809, 46
1667098470.929535, 45
1667098470.942315, 46
1667098470.955328, 46
1667098470.969298, 45
1667098470.982408, 46
1667098470.995510, 45
1667098471.008691, 45
1667098471.021645, 45
1667098471.034513, 46
1667098471.047361, 46
1667098471.060313, 45
1667098471.073084, 47
1667098471.085983, 46
1667098471.098900, 47
1667098471.111791, 48
1667098471.125666, 47
1667098471.139290, 46
1667098471.153083, 47
1667098471.166773, 48
1667098471.180523, 46
1667098471.193629, 46
1667098471.207159, 47
1667098471.220633, 46
1667098471.234407, 47
1667098471.247993, 47
1667098471.261664, 47
1667098471.275313, 47
1667098471.288999, 47
1667098471.302391, 48
1667098471.315901, 48
1667098471.329851, 48
1667098471.343239, 49
1667098471.357453, 48
1667098471.370868, 49
1667098471.384911, 48
1667098471.399186, 47
1667098471.413878, 46
1667098471.428074, 48
1667098471.441169, 47
1667098471.454265, 47
1667098471.467378, 47
1667098471.480640, 47
1667098471.493577, 48
1667098471.506461, 48
1667098471.519215, 47
1667098471.532309, 49
1667098471.545265, 48
1667098471.558160, 49
1667098471.571102, 49
1667098471.583948, 48
1667098471.596819, 49
1667098471.609694, 49
1667098471.622547, 49
1667098471.636002, 49
1667098471.649599, 48
1667098471.663148, 48
1667098471.677094, 48
1667098471.690679, 48
1667098471.703775, 48
1667098471.717261, 48
1667098471.730463, 49
1667098471.743710, 49
1667098471.757341, 48
1667098471.770946, 49
1667098471.785042, 50
1667098471.799334, 50
1667098471.813390, 50
1667098471.827595, 50
1667098471.840894, 50
1667098471.853986, 50
1667098471.867194, 49
1667098471.880326, 48
1667098471.893332, 48
1667098471.906156, 47
1667098471.918979, 49
1667098471.931924, 48
1667098471.944895, 48
1667098471.958018, 47
1667098471.970885, 49
1667098471.983871, 49
1667098471.996778, 49
1667098472.009721, 49
1667098472.022568, 49
1667098472.035512, 49
1667098472.048491, 49
1667098472.061508, 49
1667098472.074347, 49
1667098472.087176, 49
1667098472.100044, 49
1667098472.113175, 45
1667098472.126567, 38
1667098472.140101, 32
1667098472.153584, 26
1667098472.170016, 20
1667098472.183160, 21
1667098472.196310, 21
1667098472.209423, 22
1667098472.223726, 21
1667098472.238702, 23
1667098472.252723, 23
1667098472.266843, 24
1667098472.280025, 22
1667098472.293129, 23
1667098472.306269, 22
1667098472.319887, 23
1667098472.332747, 22
1667098472.345569, 23
1667098472.358580, 23
1667098472.371669, 23
1667098472.384378, 22
1667098472.397197, 24
1667098472.410236, 25
1667098472.423013, 24
1667098472.436467, 24
1667098472.449495, 25
1667098472.462381, 24
1667098472.475198, 24
1667098472.488461, 24
1667098472.501255, 24
1667098472.514044, 24
1667098472.526751, 24
1667098472.540177, 25
1667098472.554051, 25
1667098472.567823, 25
1667098472.582434, 26
1667098472.595272, 26
1667098472.609224, 25
1667098472.623391, 27
1667098472.636810, 25
1667098472.650165, 25
1667098472.663219, 25
1667098472.676437, 24
1667098472.689532, 25
1667098472.702876, 26
1667098472.716262, 25
1667098472.729492, 26
1667098472.742592, 25
1667098472.755765, 27
1667098472.768804, 26
1667098472.781614, 27
1667098472.794658, 27
1667098472.807665, 27
1667098472.820634, 25
1667098472.833451, 26
1667098472.846518, 27
1667098472.859496, 27
1667098472.872277, 27
1667098472.885167, 27
1667098472.898504, 27
1667098472.911936, 27
1667098472.925165, 27
1667098472.938696, 28
1667098472.951737, 27
1667098472.965619, 28
1667098472.979572, 27
1667098472.992579, 28
1667098473.005854, 27
1667098473.018838, 28
1667098473.031603, 27
1667098473.044611, 28
1667098473.057755, 28
1667098473.070523, 27
1667098473.083274, 28
1667098473.095995, 27
1667098473.108920, 29
1667098473.121817, 28
1667098473.134755, 29
1667098473.147612, 28
1667098473.161026, 30
1667098473.174392, 30
1667098473.188167, 29
1667098473.202409, 29
1667098473.216647, 28
1667098473.230164, 28
1667098473.243914, 27
1667098473.257739, 29
1667098473.271262, 30
1667098473.284754, 29
1667098473.298639, 28
1667098473.312377, 30
1667098473.326144, 31
1667098473.339770, 30
1667098473.353031, 29
1667098473.366672, 31
1667098473.380614, 30
1667098473.393948, 29
1667098473.407564, 29
1667098473.421206, 30
1667098473.434681, 31
1667098473.447485, 30
1667098473.461849, 30
1667098473.475219, 30
1667098473.488285, 31
1667098473.501527, 32
1667098473.514688, 32
1667098473.527540, 32
1667098473.540401, 32
1667098473.553474, 32
1667098473.566358, 31
1667098473.579170, 31
1667098473.591948, 31
1667098473.604845, 32
1667098473.617651, 31
1667098473.630623, 31
1667098473.643669, 32
1667098473.657056, 32
1667098473.670750, 31
1667098473.684287, 31
1667098473.698778, 33
1667098473.711494, 33
1667098473.724587, 32
1667098473.739002, 33
1667098473.753606, 32
1667098473.767754, 33
1667098473.780842, 33
1667098473.794848, 32
1667098473.808185, 32
1667098473.822280, 33
1667098473.835978, 33
1667098473.849810, 32
1667098473.863430, 32
1667098473.877287, 33
1667098473.890709, 34
1667098473.903703, 34
1667098473.917698, 33
1667098473.931723, 33
1667098473.945824, 33
1667098473.959958, 33
1667098473.973348, 33
1667098473.986680, 33
1667098473.999885, 33
1667098474.013222, 33
1667098474.026977, 34
1667098474.040033, 33
1667098474.052874, 34
1667098474.065645, 34
1667098474.078536, 34
1667098474.091406, 35
1667098474.104238, 34
1667098474.117027, 34
1667098474.129787, 34
1667098474.142653, 35
1667098474.155583, 36
1667098474.168646, 34
1667098474.181527, 33
1667098474.194338, 35
1667098474.207075, 35
1667098474.219946, 34
1667098474.233334, 34
1667098474.246742, 35
1667098474.260279, 35
1667098474.273765, 34
1667098474.287352, 36
1667098474.300284, 36
1667098474.314449, 36
1667098474.328491, 35
1667098474.341637, 36
1667098474.354813, 36
1667098474.367844, 37
1667098474.381066, 35
1667098474.394357, 35
1667098474.407116, 36
1667098474.419965, 36
1667098474.432754, 35
1667098474.445768, 36
1667098474.459171, 35
1667098474.471982, 36
1667098474.486066, 36
1667098474.498880, 35
1667098474.511737, 37
1667098474.524652, 37
1667098474.537641, 36
1667098474.550438, 37
1667098474.563378, 38
1667098474.576328, 37
1667098474.589268, 37
1667098474.603285, 36
1667098474.617791, 36
1667098474.632067, 36
1667098474.645261, 37
1667098474.658346, 37
1667098474.671468, 37
1667098474.684404, 37
1667098474.697566, 38
1667098474.710510, 37
1667098474.723256, 38
1667098474.736107, 37
1667098474.749319, 38
1667098474.762050, 37
1667098474.774905, 39
1667098474.788054, 38
1667098474.800715, 37
1667098474.813507, 38
1667098474.826424, 37
1667098474.839839, 37
1667098474.853619, 38
1667098474.867069, 37
1667098474.880510, 38
1667098474.894193, 38
1667098474.908708, 38
1667098474.922321, 38
1667098474.936636, 39
1667098474.951151, 38
1667098474.964994, 40
1667098474.979052, 39
1667098474.993290, 39
1667098475.006852, 39
1667098475.019880, 39
1667098475.033130, 38
1667098475.046564, 38
1667098475.059545, 39
1667098475.072615, 39
1667098475.085409, 38
1667098475.098743, 37
1667098475.111741, 40
1667098475.124654, 40
1667098475.137662, 39
1667098475.150675, 38
1667098475.163518, 40
1667098475.176470, 41
1667098475.189680, 40
1667098475.202617, 41
1667098475.215504, 40
1667098475.228635, 40
1667098475.241948, 39
1667098475.254835, 40
1667098475.267605, 40
1667098475.280714, 40
1667098475.295073, 40
1667098475.308347, 40
1667098475.321838, 41
1667098475.334775, 40
1667098475.348969, 41
1667098475.363134, 40
1667098475.377347, 41
1667098475.390615, 40
1667098475.403654, 42
1667098475.416830, 40
1667098475.430081, 41
1667098475.443047, 40
1667098475.455810, 40
1667098475.468666, 40
1667098475.481741, 41
1667098475.494932, 40
1667098475.507882, 41
1667098475.521029, 40
1667098475.534304, 42
1667098475.547140, 41
1667098475.559955, 42
1667098475.573076, 42
1667098475.586174, 42
1667098475.599117, 41
1667098475.612049, 42
1667098475.624771, 43
1667098475.637619, 42
1667098475.651096, 42
1667098475.664350, 42
1667098475.677978, 42
1667098475.691487, 41
1667098475.705136, 41
1667098475.718839, 42
1667098475.732102, 41
1667098475.745674, 42
1667098475.761565, 43
1667098475.774773, 43
1667098475.788432, 42
1667098475.802011, 43
1667098475.816168, 42
1667098475.830246, 43
1667098475.843319, 43
1667098475.856383, 43
1667098475.869663, 43
1667098475.882579, 43
1667098475.895672, 43
1667098475.908862, 43
1667098475.921905, 43
1667098475.934884, 43
1667098475.947788, 43
1667098475.960532, 42
1667098475.973392, 44
1667098475.986173, 44
1667098475.999112, 44
1667098476.011805, 43
1667098476.025074, 44
1667098476.038947, 44
1667098476.052876, 44
1667098476.066550, 43
1667098476.079774, 44
1667098476.093334, 44
1667098476.106770, 44
1667098476.120195, 43
1667098476.133986, 42
1667098476.147625, 44
1667098476.161023, 44
1667098476.174656, 43
1667098476.188279, 43
1667098476.202179, 45
1667098476.216393, 46
1667098476.230527, 45
1667098476.244594, 45
1667098476.258755, 45
1667098476.272184, 45
1667098476.285021, 44
1667098476.297930, 43
1667098476.311013, 44
1667098476.323794, 43
1667098476.336557, 44
1667098476.349454, 45
1667098476.362599, 44
1667098476.375451, 45
1667098476.388461, 45
1667098476.401364, 44
1667098476.414151, 45
1667098476.426884, 45
1667098476.439832, 46
1667098476.452759, 46
1667098476.465565, 46
1667098476.478355, 46
1667098476.491207, 46
1667098476.504747, 46
1667098476.517709, 45
1667098476.531645, 45
1667098476.545581, 45
1667098476.559678, 45
1667098476.573106, 45
1667098476.586222, 46
1667098476.599247, 46
1667098476.612250, 45
1667098476.625375, 44
1667098476.638251, 46
1667098476.651890, 46
1667098476.664725, 47
1667098476.677502, 46
1667098476.690339, 47
1667098476.703169, 47
1667098476.716116, 47
1667098476.729152, 48
1667098476.741949, 46
1667098476.754936, 46
1667098476.767710, 46
1667098476.780818, 47
1667098476.793774, 45
1667098476.807416, 46
1667098476.820568, 46
1667098476.833364, 46
1667098476.846027, 46
1667098476.858903, 47
1667098476.871872, 48
1667098476.884628, 47
1667098476.897390, 47
1667098476.910135, 47
1667098476.923038, 48
1667098476.936957, 49
1667098476.950304, 48
1667098476.963391, 48
1667098476.977280, 48
1667098476.991109, 48
1667098477.004640, 47
1667098477.018038, 47
1667098477.031861, 47
1667098477.046038, 48
1667098477.059464, 47
1667098477.072665, 48
1667098477.085910, 48
1667098477.099536, 47
1667098477.113617, 48
1667098477.127229, 48
1667098477.141468, 48
1667098477.155291, 48
1667098477.169310, 47
1667098477.183830, 48
1667098477.197983, 49
1667098477.210953, 49
1667098477.224209, 48
1667098477.237514, 48
1667098477.250412, 48
1667098477.263202, 49
1667098477.276157, 48
1667098477.289288, 47
1667098477.302136, 48
1667098477.314949, 49
1667098477.327877, 48
1667098477.340862, 50
1667098477.353718, 49
1667098477.366522, 50
1667098477.379322, 49
1667098477.392190, 50
1667098477.405194, 49
1667098477.418165, 49
1667098477.430965, 49
1667098477.444222, 50
1667098477.457567, 49
1667098477.471269, 50
1667098477.484902, 49
1667098477.498347, 49
1667098477.511740, 48
1667098477.525269, 49
1667098477.539247, 49
1667098477.553462, 49
1667098477.567999, 49
1667098477.581543, 49
1667098477.594473, 49
1667098477.607202, 50
1667098477.619994, 50
1667098477.633066, 49
1667098477.646159, 50
1667098477.659174, 49
1667098477.672145, 50
1667098477.685166, 49
1667098477.698100, 49
1667098477.711063, 49
1667098477.723905, 49
1667098477.736767, 48
1667098477.749461, 48
1667098477.762375, 48
1667098477.775198, 48
1667098477.788205, 48
1667098477.801635, 48
1667098477.815879, 48
1667098477.829177, 48
1667098477.842485, 42
1667098477.857067, 37
1667098477.871731, 32
1667098477.885706, 25
1667098477.900172, 21
1667098477.913530, 22
1667098477.926458, 22
1667098477.939254, 22
1667098477.952314, 22
1667098477.965486, 21
1667098477.978296, 23
1667098477.991031, 22
1667098478.003865, 24
1667098478.016635, 24
1667098478.029367, 23
1667098478.042191, 23
1667098478.055645, 23
1667098478.069077, 22
1667098478.082518, 23
1667098478.095538, 23
1667098478.109625, 23
1667098478.124120, 23
1667098478.137299, 23
1667098478.150190, 23
1667098478.163270, 24
1667098478.176375, 24
1667098478.189127, 24
1667098478.201911, 25
1667098478.214929, 25
1667098478.228020, 25
1667098478.240826, 23
1667098478.253793, 24
1667098478.266546, 25
1667098478.279408, 25
1667098478.292366, 25
1667098478.305081, 26
1667098478.318101, 25
1667098478.331581, 25
1667098478.345976, 26
1667098478.359157, 27
1667098478.373312, 25
1667098478.387329, 25
1667098478.401423, 26
1667098478.414736, 25
1667098478.427809, 26
1667098478.440858, 26
1667098478.453906, 25
1667098478.466731, 26
1667098478.479542, 24
1667098478.492258, 26
1667098478.505429, 26
1667098478.518220, 26
1667098478.531129, 28
1667098478.543882, 27
1667098478.556743, 27
1667098478.569572, 28
1667098478.582538, 27
1667098478.595426, 26
1667098478.608149, 27
1667098478.621407, 27
1667098478.634549, 26
1667098478.648054, 27
1667098478.662108, 27
1667098478.676220, 28
1667098478.690287, 27
1667098478.703952, 26
1667098478.717923, 27
1667098478.731853, 29
1667098478.744662, 28
1667098478.757653, 29
1667098478.770613, 29
1667098478.783575, 27
1667098478.796383, 28
1667098478.809135, 27
1667098478.821952, 28
1667098478.834921, 29
1667098478.847720, 28
1667098478.860544, 28
1667098478.873321, 29
1667098478.886271, 29
1667098478.899100, 30
1667098478.911892, 29
1667098478.924695, 29
1667098478.938341, 30
1667098478.951910, 29
1667098478.965657, 29
1667098478.979186, 29
1667098478.993268, 30
1667098479.007572, 29
1667098479.021670, 29
1667098479.035595, 28
1667098479.049641, 29
1667098479.063769, 30
1667098479.076770, 30
1667098479.089867, 31
1667098479.102995, 30
1667098479.115759, 31
1667098479.129516, 31
1667098479.142601, 31
1667098479.155277, 30
1667098479.168071, 31
1667098479.180792, 30
1667098479.194215, 30
1667098479.207129, 29
1667098479.219897, 30
1667098479.233265, 31
1667098479.247013, 31
1667098479.260720, 31
1667098479.276423, 31
1667098479.289694, 31
1667098479.302519, 32
1667098479.315376, 32
1667098479.328429, 33
1667098479.341202, 32
1667098479.354355, 30
1667098479.367145, 31
1667098479.380647, 31
1667098479.393642, 32
1667098479.406545, 31
1667098479.419568, 32
1667098479.432639, 31
1667098479.445658, 32
1667098479.458732, 31
1667098479.471535, 33
1667098479.484254, 33
1667098479.496958, 32
1667098479.510021, 33
1667098479.523474, 33
1667098479.537312, 33
1667098479.551157, 33
1667098479.565020, 32
1667098479.578354, 32
1667098479.592209, 33
1667098479.605800, 32
1667098479.619355, 32
1667098479.633007, 33
1667098479.646640, 34
1667098479.660286, 35
1667098479.673947, 34
1667098479.687421, 35
1667098479.700959, 35
1667098479.714653, 35
1667098479.728770, 33
1667098479.742210, 33
1667098479.755414, 32
1667098479.769245, 33
1667098479.782528, 33
1667098479.796150, 34
1667098479.809696, 34
1667098479.822913, 34
1667098479.836443, 33
1667098479.850616, 34
1667098479.863870, 35
1667098479.877682, 36
1667098479.891836, 35
1667098479.904867, 36
1667098479.918020, 35
1667098479.931535, 36
1667098479.944351, 34
1667098479.957122, 34
1667098479.970138, 35
1667098479.983086, 34
1667098479.996073, 34
1667098480.008900, 35
1667098480.021941, 35
1667098480.035128, 34
1667098480.048105, 34
1667098480.061211, 36
1667098480.074441, 37
1667098480.087206, 36
1667098480.100013, 37
1667098480.112692, 36
1667098480.125433, 37
1667098480.138368, 36
1667098480.151978, 36
1667098480.165552, 35
1667098480.178873, 36
1667098480.192517, 36
1667098480.206034, 35
1667098480.219395, 35
1667098480.232718, 35
1667098480.246644, 36
1667098480.260150, 36
1667098480.273088, 37
1667098480.286931, 37
1667098480.301049, 38
1667098480.314194, 38
1667098480.327309, 38
1667098480.340221, 36
1667098480.353029, 37
1667098480.365982, 37
1667098480.378966, 36
1667098480.392040, 37
1667098480.404772, 36
1667098480.417623, 37
1667098480.430486, 36
1667098480.443354, 37
1667098480.456042, 37
1667098480.470086, 38
1667098480.482867, 39
1667098480.496588, 37
1667098480.509403, 39
1667098480.523420, 39
1667098480.537761, 38
1667098480.551664, 37
1667098480.565067, 38
1667098480.578077, 38
1667098480.591521, 37
1667098480.604747, 37
1667098480.618033, 37
1667098480.630903, 38
1667098480.644024, 38
1667098480.657060, 37
1667098480.669921, 38
1667098480.682755, 39
1667098480.695691, 40
1667098480.708399, 40
1667098480.721612, 41
1667098480.734366, 40
1667098480.747146, 41
1667098480.760145, 39
1667098480.773410, 40
1667098480.786304, 39
1667098480.799148, 39
1667098480.811946, 38
1667098480.824705, 39
1667098480.837450, 39
1667098480.850894, 39
1667098480.864622, 38
1667098480.878169, 38
1667098480.891313, 40
1667098480.905083, 41
1667098480.919151, 41
1667098480.933315, 41
1667098480.946325, 41
1667098480.959416, 40
1667098480.972413, 40
1667098480.985348, 39
1667098480.998211, 40
1667098481.011036, 40
1667098481.023744, 39
1667098481.036489, 39
1667098481.049498, 40
1667098481.062785, 40
1667098481.075877, 40
1667098481.088589, 40
1667098481.101395, 41
1667098481.114530, 41
1667098481.127376, 42
1667098481.141283, 41
1667098481.155134, 42
1667098481.169038, 42
1667098481.182327, 41
1667098481.195300, 41
1667098481.208409, 41
1667098481.221370, 41
1667098481.234722, 40
1667098481.247669, 42
1667098481.260415, 41
1667098481.273300, 41
1667098481.286408, 40
1667098481.299367, 40
1667098481.313183, 42
1667098481.326198, 42
1667098481.338987, 41
1667098481.351693, 42
1667098481.364396, 42
1667098481.377361, 43
1667098481.390144, 43
1667098481.402886, 42
1667098481.415695, 41
1667098481.429003, 42
1667098481.445021, 42
1667098481.458053, 42
1667098481.472024, 42
1667098481.486024, 41
1667098481.500496, 43
1667098481.514695, 43
1667098481.528609, 43
1667098481.541679, 43
1667098481.554403, 43
1667098481.567214, 43
1667098481.580227, 43
1667098481.593159, 44
1667098481.606087, 43
1667098481.619062, 43
1667098481.631853, 42
1667098481.644770, 43
1667098481.657708, 43
1667098481.670597, 43
1667098481.683335, 43
1667098481.696281, 43
1667098481.709928, 43
1667098481.723439, 43
1667098481.737130, 42
1667098481.750257, 44
1667098481.764234, 44
1667098481.778112, 45
1667098481.792075, 44
1667098481.806323, 44
1667098481.820490, 45
1667098481.833705, 45
1667098481.846796, 44
1667098481.859784, 42
1667098481.873104, 43
1667098481.885863, 43
1667098481.898606, 43
1667098481.911580, 44
1667098481.924389, 44
1667098481.937308, 44
1667098481.950319, 44
1667098481.963124, 45
1667098481.976058, 44
1667098481.988884, 45
1667098482.001788, 45
1667098482.014606, 45
1667098482.027324, 45
1667098482.040101, 45
1667098482.053900, 45
1667098482.067584, 44
1667098482.081256, 45
1667098482.094978, 45
1667098482.108083, 45
1667098482.121599, 45
1667098482.135014, 45
1667098482.148417, 44
1667098482.162263, 45
1667098482.175585, 45
1667098482.189302, 46
1667098482.202476, 46
1667098482.215505, 45
1667098482.229374, 46
1667098482.243211, 46
1667098482.257388, 45
1667098482.271427, 47
1667098482.284602, 46
1667098482.297926, 46
1667098482.310830, 46
1667098482.323843, 46
1667098482.336784, 45
1667098482.349873, 45
1667098482.362912, 45
1667098482.375838, 46
1667098482.388554, 46
1667098482.401700, 46
1667098482.414736, 46
1667098482.427629, 47
1667098482.440503, 47
1667098482.453401, 47
1667098482.466237, 47
1667098482.478950, 47
1667098482.492227, 47
1667098482.505557, 47
1667098482.519077, 46
1667098482.532593, 46
1667098482.546450, 47
1667098482.559991, 47
1667098482.573460, 47
1667098482.586855, 46
1667098482.601076, 47
1667098482.615018, 47
1667098482.628326, 47
1667098482.641734, 47
1667098482.654612, 47
1667098482.667947, 48
1667098482.681940, 47
1667098482.695247, 48
1667098482.708529, 48
1667098482.721593, 49
1667098482.734842, 47
1667098482.747611, 47
1667098482.760449, 47
1667098482.773590, 47
1667098482.786411, 47
1667098482.799239, 48
1667098482.812075, 48
1667098482.825161, 47
1667098482.838649, 47
1667098482.851977, 48
1667098482.865530, 47
1667098482.878499, 49
1667098482.892499, 48
1667098482.906593, 49
1667098482.919822, 48
1667098482.933009, 50
1667098482.946151, 49
1667098482.959102, 49
1667098482.972057, 48
1667098482.985133, 49
1667098482.997890, 48
1667098483.010984, 48
1667098483.023947, 48
1667098483.036720, 49
1667098483.049699, 48
1667098483.062474, 49
1667098483.075318, 49
1667098483.088305, 48
1667098483.101087, 50
1667098483.114225, 50
1667098483.128169, 50
1667098483.141025, 50
1667098483.154706, 50
1667098483.168826, 50
1667098483.182971, 50
1667098483.196221, 50
1667098483.209561, 49
1667098483.222660, 47
1667098483.235632, 48
1667098483.248431, 48
1667098483.261631, 48
1667098483.274957, 48
1667098483.287706, 48
1667098483.300751, 48
1667098483.313910, 48
1667098483.326912, 50
1667098483.339919, 50
1667098483.352739, 49
1667098483.365722, 49
1667098483.378478, 49
1667098483.391450, 49
1667098483.404240, 50
1667098483.417130, 49
1667098483.429809, 49
1667098483.442531, 48
1667098483.455709, 45
1667098483.469502, 40
1667098483.483471, 33
1667098483.497460, 28
1667098483.510557, 23
1667098483.523650, 20
1667098483.536569, 22
1667098483.549960, 21
1667098483.563029, 22
1667098483.576639, 21
1667098483.589608, 22
1667098483.602605, 22
1667098483.615485, 23
1667098483.628811, 22
1667098483.641671, 23
1667098483.654658, 22
1667098483.667644, 23
1667098483.680702, 22
1667098483.693637, 23
1667098483.706401, 23
1667098483.719438, 23
1667098483.732670, 22
1667098483.745431, 24
1667098483.758924, 23
1667098483.771801, 24
1667098483.784795, 23
1667098483.797626, 24
1667098483.810531, 25
1667098483.825083, 24
1667098483.839839, 24
1667098483.853684, 24
1667098483.867657, 24
1667098483.882029, 25
1667098483.896324, 24
1667098483.909393, 25
1667098483.922538, 24
1667098483.935583, 25
1667098483.948587, 25
1667098483.961641, 25
1667098483.974580, 25
1667098483.987515, 25
1667098484.000458, 24
1667098484.013434, 25
1667098484.026351, 25
1667098484.039134, 25
1667098484.052096, 26
1667098484.065126, 26
1667098484.078280, 26
1667098484.091025, 25
1667098484.103942, 26
1667098484.116647, 25
1667098484.129429, 27
1667098484.142312, 26
1667098484.155935, 25
1667098484.169482, 26
1667098484.183653, 27
1667098484.198022, 26
1667098484.212080, 27
1667098484.225237, 26
1667098484.238652, 27
1667098484.251638, 26
1667098484.264500, 27
1667098484.277558, 27
1667098484.290302, 27
1667098484.303175, 28
1667098484.315812, 26
1667098484.328645, 27
1667098484.341384, 28
1667098484.354226, 27
1667098484.366982, 26
1667098484.380180, 28
1667098484.393056, 28
1667098484.406342, 28
1667098484.419850, 27
1667098484.433539, 27
1667098484.447217, 29
1667098484.460728, 29
1667098484.474269, 28
1667098484.487593, 27
1667098484.501454, 29
1667098484.514645, 29
1667098484.528413, 28
1667098484.541964, 29
1667098484.555655, 29
1667098484.569319, 28
1667098484.582858, 28
1667098484.596158, 29
1667098484.609812, 30
1667098484.623056, 30
1667098484.636670, 29
1667098484.650305, 29
1667098484.663786, 29
1667098484.677197, 30
1667098484.690486, 30
1667098484.704146, 30
1667098484.717462, 30
1667098484.730994, 30
1667098484.744444, 29
1667098484.758057, 30
1667098484.772380, 31
1667098484.785817, 31
1667098484.799151, 30
1667098484.812674, 29
1667098484.826439, 31
1667098484.840290, 31
1667098484.853772, 30
1667098484.867096, 30
1667098484.880945, 30
1667098484.894931, 31
1667098484.908086, 30
1667098484.920956, 30
1667098484.934965, 31
1667098484.949072, 32
1667098484.963146, 31
1667098484.976118, 31
1667098484.989227, 32
1667098485.002321, 31
1667098485.016374, 31
1667098485.029247, 31
1667098485.042001, 32
1667098485.054965, 32
1667098485.067905, 32
1667098485.081161, 32
1667098485.094193, 32
1667098485.107206, 31
1667098485.120325, 33
1667098485.133076, 31
1667098485.145920, 33
1667098485.159202, 33
1667098485.172002, 32
1667098485.184798, 32
1667098485.197571, 31
1667098485.210334, 33
1667098485.223053, 33
1667098485.235904, 33
1667098485.249655, 33
1667098485.263715, 33
1667098485.278130, 32
1667098485.291272, 32
1667098485.304260, 33
1667098485.317051, 34
1667098485.330095, 33
1667098485.343150, 34
1667098485.356023, 32
1667098485.368957, 34
1667098485.381843, 34
1667098485.394978, 33
1667098485.407826, 34
1667098485.420717, 34
1667098485.433697, 34
1667098485.446670, 33
1667098485.459555, 34
1667098485.472272, 33
1667098485.484995, 34
1667098485.497833, 34
1667098485.511230, 34
1667098485.525609, 34
1667098485.539339, 34
1667098485.553943, 34
1667098485.568311, 34
1667098485.582432, 34
1667098485.596442, 35
1667098485.609636, 34
1667098485.622958, 35
1667098485.636029, 35
1667098485.649001, 35
1667098485.662261, 34
1667098485.675094, 34
1667098485.687964, 34
1667098485.700681, 36
1667098485.713545, 36
1667098485.726546, 35
1667098485.739286, 36
1667098485.752073, 35
1667098485.764862, 36
1667098485.777635, 35
1667098485.790526, 36
1667098485.803393, 36
1667098485.816260, 35
1667098485.829005, 35
1667098485.842013, 36
1667098485.854985, 35
1667098485.868957, 36
1667098485.882805, 35
1667098485.896791, 36
1667098485.910148, 36
1667098485.923159, 37
1667098485.936357, 36
1667098485.949781, 36
1667098485.962901, 36
1667098485.975757, 37
1667098485.988687, 36
1667098486.001724, 36
1667098486.014661, 37
1667098486.027685, 38
1667098486.040987, 38
1667098486.054107, 38
1667098486.067058, 36
1667098486.079795, 37
1667098486.093372, 37
1667098486.106339, 36
1667098486.119122, 37
1667098486.132107, 36
1667098486.144880, 36
1667098486.157801, 37
1667098486.170498, 38
1667098486.183241, 38
1667098486.196521, 38
1667098486.210108, 37
1667098486.223697, 38
1667098486.237357, 37
1667098486.250811, 38
1667098486.264580, 37
1667098486.279181, 38
1667098486.292202, 38
1667098486.306306, 39
1667098486.320010, 38
1667098486.334072, 39
1667098486.347921, 38
1667098486.362023, 39
1667098486.376329, 39
1667098486.389384, 39
1667098486.402448, 39
1667098486.415442, 38
1667098486.428427, 39
1667098486.441588, 39
1667098486.454346, 39
1667098486.467273, 39
1667098486.480262, 39
1667098486.493174, 37
1667098486.506164, 39
1667098486.518913, 40
1667098486.531890, 39
1667098486.545010, 39
1667098486.557785, 39
1667098486.570685, 40
1667098486.583802, 39
1667098486.596876, 40
1667098486.609755, 39
1667098486.622488, 40
1667098486.635225, 40
1667098486.648304, 39
1667098486.662062, 40
1667098486.675666, 39
1667098486.689262, 40
1667098486.702702, 39
1667098486.715770, 40
1667098486.729459, 39
1667098486.743412, 41
1667098486.757834, 40
1667098486.772197, 41
1667098486.786385, 41
1667098486.799428, 40
1667098486.812444, 41
1667098486.825433, 40
1667098486.838492, 41
1667098486.851572, 40
1667098486.864702, 40
1667098486.877709, 41
1667098486.890569, 41
1667098486.903650, 40
1667098486.916591, 41
1667098486.929337, 40
1667098486.942182, 41
1667098486.955053, 41
1667098486.967908, 41
1667098486.980707, 41
1667098486.993451, 41
1667098487.006288, 42
1667098487.019860, 42
1667098487.033480, 41
1667098487.046927, 42
1667098487.060568, 42
1667098487.074144, 42
1667098487.087719, 42
1667098487.101390, 41
1667098487.115264, 42
1667098487.128454, 41
1667098487.142273, 42
1667098487.155591, 42
1667098487.169275, 42
1667098487.182564, 41
1667098487.196378, 42
1667098487.209987, 43
1667098487.223610, 43
1667098487.237365, 42
1667098487.250819, 42
1667098487.264443, 43
1667098487.278125, 43
1667098487.291540, 42
1667098487.305294, 43
1667098487.320213, 43
1667098487.334986, 43
1667098487.349332, 42
1667098487.363536, 43
1667098487.377560, 42
1667098487.390774, 43
1667098487.403958, 42
1667098487.417425, 43
1667098487.430514, 44
1667098487.443451, 44
1667098487.456278, 43
1667098487.469134, 43
1667098487.481931, 44
1667098487.494885, 44
1667098487.507851, 44
1667098487.520806, 44
1667098487.533826, 43
1667098487.546736, 45
1667098487.559630, 45
1667098487.572536, 44
1667098487.585325, 44
1667098487.598101, 43
1667098487.610917, 44
1667098487.624019, 44
1667098487.638284, 44
1667098487.651735, 43
1667098487.665589, 44
1667098487.679140, 44
1667098487.693255, 45
1667098487.706872, 45
1667098487.720534, 44
1667098487.734499, 44
1667098487.748507, 44
1667098487.763080, 45
1667098487.776262, 45
1667098487.789370, 45
1667098487.802584, 45
1667098487.815694, 45
1667098487.828749, 46
1667098487.841492, 45
1667098487.854591, 45
1667098487.867422, 45
1667098487.880383, 44
1667098487.893147, 45
1667098487.906099, 45
1667098487.918820, 45
1667098487.931633, 45
1667098487.944586, 45
1667098487.957465, 45
1667098487.970251, 46
1667098487.983025, 46
1667098487.996245, 46
1667098488.009659, 45
1667098488.023311, 46
1667098488.037482, 46
1667098488.051048, 46
1667098488.064862, 47
1667098488.078970, 46
1667098488.093339, 47
1667098488.107596, 46
1667098488.120682, 46
1667098488.133744, 46
1667098488.146759, 46
1667098488.159993, 47
1667098488.173924, 46
1667098488.187076, 47
1667098488.200888, 46
1667098488.214796, 46
1667098488.228938, 47
1667098488.242211, 46
1667098488.255339, 47
1667098488.268635, 46
1667098488.281687, 47
1667098488.295936, 47
1667098488.308956, 46
1667098488.321858, 47
1667098488.334628, 47
1667098488.347441, 47
1667098488.360539, 46
1667098488.373413, 47
1667098488.386204, 47
1667098488.399162, 47
1667098488.412016, 48
1667098488.425245, 47
1667098488.438114, 48
1667098488.450904, 47
1667098488.463805, 48
1667098488.476632, 48
1667098488.489545, 47
1667098488.502291, 47
1667098488.515106, 48
1667098488.528480, 47
1667098488.542308, 49
1667098488.556093, 48
1667098488.569584, 48
1667098488.583280, 47
1667098488.596495, 49
1667098488.610175, 48
1667098488.623052, 48
1667098488.635850, 47
1667098488.648606, 48
1667098488.661417, 48
1667098488.674336, 49
1667098488.687689, 48
1667098488.700648, 49
1667098488.713416, 48
1667098488.726189, 48
1667098488.739241, 48
1667098488.752944, 49
1667098488.766385, 49
1667098488.779730, 48
1667098488.793085, 49
1667098488.806625, 49
1667098488.820517, 49
1667098488.834246, 49
1667098488.848374, 49
1667098488.861177, 49
1667098488.874911, 49
1667098488.888771, 49
1667098488.903012, 50
1667098488.917210, 50
1667098488.930287, 50
1667098488.943462, 49
1667098488.956626, 50
1667098488.969566, 50
1667098488.982542, 50
1667098488.995546, 49
1667098489.008607, 50
1667098489.021508, 49
1667098489.034445, 50
1667098489.047279, 50
1667098489.060041, 49
1667098489.072764, 50
1667098489.085951, 49
1667098489.099179, 50
1667098489.111987, 48
1667098489.124828, 49
1667098489.137883, 50
1667098489.150955, 50
1667098489.163935, 49
1667098489.177550, 48
1667098489.191237, 50
1667098489.204937, 50
1667098489.218283, 49
1667098489.232315, 50
1667098489.246081, 49
1667098489.260064, 49
1667098489.273183, 50
1667098489.286271, 49
1667098489.299333, 49
1667098489.312132, 49
1667098489.324988, 49
1667098489.337821, 49
1667098489.350711, 42
1667098489.363630, 37
1667098489.376579, 32
1667098489.389376, 26
1667098489.402193, 22
1667098489.415075, 21
1667098489.428016, 23
1667098489.441153, 22
1667098489.454002, 23
1667098489.467015, 23
1667098489.479975, 22
1667098489.492763, 23
1667098489.505490, 22
1667098489.518412, 23
1667098489.531708, 24
1667098489.545537, 23
1667098489.559082, 24
1667098489.573288, 24
1667098489.587163, 23
1667098489.600620, 24
1667098489.614061, 24
1667098489.627833, 23
1667098489.641725, 24
1667098489.655185, 24
1667098489.668650, 25
1667098489.682303, 25
1667098489.695779, 25
1667098489.709273, 25
1667098489.722579, 25
1667098489.736682, 24
1667098489.750416, 25
1667098489.764433, 25
1667098489.777837, 24
1667098489.791323, 25
1667098489.805006, 26
1667098489.818298, 25
1667098489.832027, 25
1667098489.846077, 25
1667098489.858966, 26
1667098489.872794, 26
1667098489.886499, 25
1667098489.899765, 26
1667098489.913048, 25
1667098489.926464, 24
1667098489.939495, 26
1667098489.952450, 26
1667098489.965550, 26
1667098489.978881, 26
1667098489.991750, 26
1667098490.004654, 26
1667098490.017838, 26
1667098490.030573, 27
1667098490.043486, 26
1667098490.056361, 27
1667098490.069428, 27
1667098490.082307, 26
1667098490.095141, 26
1667098490.107903, 27
1667098490.120732, 28
1667098490.133683, 27
1667098490.146960, 26
1667098490.160408, 27
1667098490.174121, 28
1667098490.187766, 27
1667098490.201558, 28
1667098490.215111, 27
1667098490.228984, 28
1667098490.242593, 28
1667098490.256334, 27
1667098490.269413, 28
1667098490.283388, 29
1667098490.297623, 28
1667098490.311707, 28
1667098490.325054, 27
1667098490.338207, 29
1667098490.351445, 28
1667098490.364648, 28
1667098490.378220, 29
1667098490.390988, 29
1667098490.403918, 28
1667098490.416822, 29
1667098490.429793, 29
1667098490.443004, 30
1667098490.456233, 29
1667098490.469482, 28
1667098490.482274, 29
1667098490.495296, 30
1667098490.508250, 29
1667098490.521061, 30
1667098490.533969, 29
1667098490.546876, 30
1667098490.559740, 30
1667098490.572597, 29
1667098490.586492, 30
1667098490.600426, 31
1667098490.613866, 31
1667098490.627417, 30
1667098490.641118, 30
1667098490.654540, 31
1667098490.668011, 31
1667098490.681621, 31
1667098490.694938, 31
1667098490.708327, 30
1667098490.722304, 31
1667098490.735596, 30
1667098490.749175, 31
1667098490.762423, 32
1667098490.776133, 32
1667098490.790260, 31
1667098490.804423, 31
1667098490.817575, 32
1667098490.830633, 32
1667098490.843631, 31
1667098490.856702, 32
1667098490.869746, 32
1667098490.882645, 31
1667098490.895361, 31
1667098490.909326, 32
1667098490.922545, 31
1667098490.935407, 32
1667098490.948446, 32
1667098490.961471, 32
1667098490.974376, 31
1667098490.987227, 33
1667098491.000081, 33
1667098491.013789, 32
1667098491.027461, 32
1667098491.041121, 32
1667098491.054412, 33
1667098491.067826, 32
1667098491.082008, 33
1667098491.095308, 33
1667098491.109280, 33
1667098491.122536, 32
1667098491.135869, 33
1667098491.149524, 34
1667098491.164105, 33
1667098491.177751, 33
1667098491.191227, 33
1667098491.205085, 34
1667098491.218401, 33
1667098491.232174, 33
1667098491.245828, 34
1667098491.259334, 34
1667098491.272733, 34
1667098491.285771, 34
1667098491.299595, 34
1667098491.313803, 35
1667098491.327979, 34
1667098491.341567, 34
1667098491.354728, 35
1667098491.368029, 34
1667098491.381172, 35
1667098491.394201, 34
1667098491.407095, 34
1667098491.420030, 34
1667098491.432970, 35
1667098491.445754, 35
1667098491.458588, 35
1667098491.471833, 35
1667098491.484760, 34
1667098491.497607, 35
1667098491.510375, 35
1667098491.523211, 36
1667098491.536254, 36
1667098491.549099, 35
1667098491.562053, 34
1667098491.574964, 36
1667098491.588210, 35
1667098491.601542, 35
1667098491.615151, 35
1667098491.628791, 36
1667098491.642290, 35
1667098491.655960, 35
1667098491.669885, 35
1667098491.683444, 36
1667098491.696970, 35
1667098491.710687, 36
1667098491.724034, 36
1667098491.737718, 36
1667098491.751124, 36
1667098491.764793, 36
1667098491.778147, 36
1667098491.791812, 37
1667098491.805731, 36
1667098491.819341, 36
1667098491.832892, 36
1667098491.846829, 37
1667098491.860330, 36
1667098491.873972, 36
1667098491.887128, 36
1667098491.900784, 37
1667098491.914600, 38
1667098491.928285, 37
1667098491.941810, 37
1667098491.954648, 37
1667098491.968427, 38
1667098491.982532, 37
1667098491.996471, 37
1667098492.009880, 37
1667098492.022928, 38
1667098492.036053, 38
1667098492.049194, 37
1667098492.062468, 39
1667098492.076039, 39
1667098492.089062, 38
1667098492.101895, 38
1667098492.114632, 37
1667098492.127519, 39
1667098492.140502, 39
1667098492.153497, 38
1667098492.167080, 38
1667098492.179919, 37
1667098492.192652, 38
1667098492.205712, 38
1667098492.218499, 38
1667098492.231372, 39
1667098492.244745, 38
1667098492.257911, 38
1667098492.272488, 39
1667098492.286805, 39
1667098492.301448, 39
1667098492.315398, 38
1667098492.328989, 38
1667098492.342715, 40
1667098492.356290, 40
1667098492.369879, 39
1667098492.383334, 40
1667098492.397141, 40
1667098492.410730, 40
1667098492.424289, 39
1667098492.437725, 40
1667098492.451236, 40
1667098492.464330, 39
1667098492.478332, 39
1667098492.492428, 39
1667098492.506544, 40
1667098492.519715, 39
1667098492.532735, 40
1667098492.545811, 40
1667098492.558914, 41
1667098492.571863, 41
1667098492.584629, 41
1667098492.597419, 39
1667098492.610293, 41
1667098492.623113, 41
1667098492.636117, 40
1667098492.649319, 40
1667098492.662248, 40
1667098492.675071, 41
1667098492.688063, 41
1667098492.701002, 42
1667098492.714038, 41
1667098492.727708, 41
1667098492.740590, 40
1667098492.753354, 40
1667098492.766556, 41
1667098492.780255, 42
1667098492.794252, 41
1667098492.808145, 41
1667098492.822531, 42
1667098492.836758, 42
1667098492.849798, 42
1667098492.862943, 41
1667098492.875874, 42
1667098492.888822, 42
1667098492.901591, 41
1667098492.914627, 42
1667098492.927444, 42
1667098492.940614, 42
1667098492.953720, 41
1667098492.966864, 41
1667098492.979676, 42
1667098492.992866, 42
1667098493.005874, 41
1667098493.018759, 43
1667098493.031665, 42
1667098493.044435, 43
1667098493.057190, 42
1667098493.070769, 43
1667098493.084496, 42
1667098493.098739, 43
1667098493.112528, 43
1667098493.126735, 42
1667098493.140836, 43
1667098493.154828, 42
1667098493.167901, 43
1667098493.181024, 43
1667098493.194435, 43
1667098493.207534, 43
1667098493.220481, 43
1667098493.233570, 43
1667098493.246650, 43
1667098493.260077, 44
1667098493.273253, 43
1667098493.286369, 44
1667098493.299377, 44
1667098493.312432, 44
1667098493.325678, 43
1667098493.338487, 44
1667098493.351408, 43
1667098493.364258, 44
1667098493.377211, 44
1667098493.390124, 44
1667098493.402963, 44
1667098493.415850, 44
1667098493.428541, 44
1667098493.441909, 45
1667098493.455787, 44
1667098493.468990, 45
1667098493.482082, 46
1667098493.495181, 46
1667098493.508226, 45
1667098493.521395, 46
1667098493.534240, 46
1667098493.547016, 45
1667098493.559950, 45
1667098493.572989, 44
1667098493.586259, 44
1667098493.599064, 45
1667098493.611903, 45
1667098493.624941, 45
1667098493.637997, 44
1667098493.650865, 45
1667098493.663763, 46
1667098493.676884, 46
1667098493.690600, 47
1667098493.704042, 47
1667098493.718332, 47
1667098493.732513, 46
1667098493.746066, 46
1667098493.759932, 47
1667098493.773732, 46
1667098493.787659, 45
1667098493.800635, 45
1667098493.814234, 44
1667098493.827974, 45
1667098493.841434, 46
1667098493.854854, 46
1667098493.868547, 46
1667098493.882183, 45
1667098493.895754, 47
1667098493.910060, 47
1667098493.924791, 47
1667098493.938956, 46
1667098493.952881, 47
1667098493.967001, 47
1667098493.981060, 48
1667098493.994410, 48
1667098494.007670, 46
1667098494.020911, 47
1667098494.034578, 47
1667098494.047579, 47
1667098494.060498, 46
1667098494.073521, 47
1667098494.086638, 47
1667098494.099567, 46
1667098494.112320, 47
1667098494.125355, 48
1667098494.138577, 47
1667098494.151436, 48
1667098494.164218, 48
1667098494.177270, 48
1667098494.190283, 48
1667098494.203089, 48
1667098494.215975, 49
1667098494.228852, 47
1667098494.241659, 48
1667098494.254568, 47
1667098494.267734, 48
1667098494.281181, 48
1667098494.294881, 48
1667098494.308228, 48
1667098494.321742, 48
1667098494.335088, 47
1667098494.348670, 48
1667098494.362045, 49
1667098494.375921, 50
1667098494.390018, 49
1667098494.403076, 49
1667098494.416044, 49
1667098494.429479, 50
1667098494.442580, 49
1667098494.455538, 49
1667098494.468373, 48
1667098494.481269, 49
1667098494.494328, 48
1667098494.507012, 49
1667098494.519943, 49
1667098494.532716, 48
1667098494.545479, 48
1667098494.558357, 48
1667098494.571479, 49
1667098494.584514, 49
1667098494.597369, 50
1667098494.610154, 49
1667098494.623018, 50
1667098494.636524, 50
1667098494.650081, 49
1667098494.663997, 48
1667098494.678149, 48
1667098494.691413, 49
1667098494.704295, 49
1667098494.718272, 49
1667098494.731368, 48
1667098494.744324, 48
1667098494.757088, 49
1667098494.770106, 48
1667098494.782841, 49
1667098494.795769, 49
1667098494.808592, 48
1667098494.821761, 48
1667098494.834694, 49
1667098494.847523, 49
1667098494.860377, 50
1667098494.873297, 49
1667098494.886218, 48
1667098494.899002, 47
1667098494.911752, 41
1667098494.924545, 35
1667098494.938254, 29
1667098494.951601, 24
1667098494.965134, 21
1667098494.978448, 23
1667098494.991972, 22
1667098495.005478, 21
1667098495.018869, 21
1667098495.032342, 22
1667098495.045241, 23
1667098495.059175, 24
1667098495.074169, 24
1667098495.090979, 22
1667098495.104859, 21
1667098495.119001, 22
1667098495.133070, 23
1667098495.146264, 23
1667098495.159364, 23
1667098495.172364, 23
1667098495.185382, 24
1667098495.198217, 23
1667098495.211274, 24
1667098495.224116, 25
1667098495.236837, 25
1667098495.249892, 25
1667098495.262924, 24
1667098495.275812, 24
1667098495.288514, 23
1667098495.301279, 24
1667098495.314219, 24
1667098495.326994, 25
1667098495.339822, 25
1667098495.352896, 25
1667098495.366236, 24
1667098495.379921, 25
1667098495.393122, 26
1667098495.407175, 26
1667098495.420240, 26
1667098495.433405, 26
1667098495.446547, 25
1667098495.459556, 25
1667098495.472512, 25
1667098495.485325, 26
1667098495.498204, 26
1667098495.511029, 25
1667098495.524043, 26
1667098495.536746, 25
1667098495.549609, 26
1667098495.562379, 26
1667098495.575286, 27
1667098495.588336, 27
1667098495.601418, 27
1667098495.614812, 27
1667098495.627617, 26
1667098495.640426, 26
1667098495.653184, 26
1667098495.666036, 27
1667098495.679747, 27
1667098495.693423, 26
1667098495.707171, 27
1667098495.720683, 26
1667098495.735496, 28
1667098495.749084, 28
1667098495.761888, 27
1667098495.774828, 28
1667098495.788755, 28
1667098495.801806, 28
1667098495.814887, 28
1667098495.827981, 28
1667098495.841118, 27
1667098495.854097, 27
1667098495.866935, 27
1667098495.879971, 28
1667098495.893183, 27
1667098495.906088, 29
1667098495.919004, 28
1667098495.931958, 29
1667098495.945067, 28
1667098495.957902, 30
1667098495.970667, 29
1667098495.983691, 30
1667098495.996683, 29
1667098496.009441, 28
1667098496.022273, 29
1667098496.035024, 29
1667098496.048090, 29
1667098496.061804, 30
1667098496.075386, 29
1667098496.089135, 29
1667098496.103109, 29
1667098496.117804, 31
1667098496.131185, 31
1667098496.144035, 30
1667098496.156920, 31
1667098496.169907, 31
1667098496.182696, 30
1667098496.195545, 29
1667098496.208443, 29
1667098496.221251, 31
1667098496.234184, 31
1667098496.247071, 30
1667098496.260124, 29
1667098496.273082, 31
1667098496.286066, 31
1667098496.298795, 31
1667098496.312017, 32
1667098496.324754, 32
1667098496.337758, 32
1667098496.351268, 31
1667098496.364794, 32
1667098496.377680, 31
1667098496.391447, 32
1667098496.405587, 31
1667098496.419721, 31
1667098496.432952, 32
1667098496.445992, 32
1667098496.459137, 31
1667098496.472290, 32
1667098496.485507, 31
1667098496.498892, 33
1667098496.511836, 32
1667098496.524910, 33
1667098496.537785, 32
1667098496.550576, 33
1667098496.563519, 33
1667098496.576383, 32
1667098496.589220, 32
1667098496.602113, 32
1667098496.615339, 33
1667098496.629032, 32
1667098496.642553, 32
1667098496.656139, 32
1667098496.669583, 33
1667098496.683005, 32
1667098496.697360, 34
1667098496.710231, 33
1667098496.723966, 34
1667098496.737850, 33
1667098496.752119, 33
1667098496.766363, 35
1667098496.779944, 33
1667098496.794315, 33
1667098496.807337, 33
1667098496.820058, 33
1667098496.832836, 34
1667098496.845641, 33
1667098496.858459, 34
1667098496.871200, 34
1667098496.884063, 34
1667098496.898301, 34
1667098496.911725, 35
1667098496.925696, 35
1667098496.939750, 35
1667098496.953794, 35
1667098496.967857, 35
1667098496.981300, 35
1667098496.994586, 35
1667098497.007697, 34
1667098497.021039, 33
1667098497.034092, 35
1667098497.047707, 35
1667098497.060471, 35
1667098497.073242, 35
1667098497.086984, 35
1667098497.100036, 35
1667098497.112867, 36
1667098497.125692, 36
1667098497.138643, 37
1667098497.151593, 37
1667098497.164399, 36
1667098497.177316, 34
1667098497.190115, 36
1667098497.202858, 36
1667098497.216355, 35
1667098497.229957, 35
1667098497.243262, 35
1667098497.256896, 36
1667098497.270209, 36
1667098497.284025, 36
1667098497.297505, 37
1667098497.310361, 37
1667098497.324684, 37
1667098497.338588, 37
1667098497.352925, 37
1667098497.365993, 37
1667098497.379003, 37
1667098497.392175, 36
1667098497.405293, 36
1667098497.418242, 37
1667098497.430952, 37
1667098497.444250, 36
1667098497.457395, 36
1667098497.470332, 37
1667098497.483330, 37
1667098497.496215, 36
1667098497.509413, 37
1667098497.522249, 38
1667098497.535039, 39
1667098497.547996, 38
1667098497.561137, 39
1667098497.574113, 39
1667098497.586850, 39
1667098497.599575, 37
1667098497.612518, 37
1667098497.626145, 37
1667098497.639761, 37
1667098497.653193, 38
1667098497.666628, 38
1667098497.680358, 37
1667098497.693412, 38
1667098497.707134, 38
1667098497.721143, 38
1667098497.735043, 39
1667098497.748168, 40
1667098497.761518, 40
1667098497.775041, 39
1667098497.788268, 40
1667098497.801532, 39
1667098497.814891, 39
1667098497.827988, 38
1667098497.840809, 39
1667098497.853644, 38
1667098497.866523, 38
1667098497.879325, 38
1667098497.892202, 39
1667098497.905210, 39
1667098497.918246, 40
1667098497.930976, 39
1667098497.943777, 40
1667098497.956554, 40
1667098497.969351, 41
1667098497.982154, 41
1667098497.995639, 41
1667098498.009289, 39
1667098498.022821, 40
1667098498.036575, 39
1667098498.051011, 40
1667098498.064131, 40
1667098498.077504, 40
1667098498.091231, 39
1667098498.106209, 40
1667098498.120493, 41
1667098498.133547, 41
1667098498.146391, 42
1667098498.159058, 40
1667098498.172110, 41
1667098498.185066, 42
1667098498.198089, 42
1667098498.211079, 40
1667098498.223956, 40
1667098498.237027, 39
1667098498.250137, 40
1667098498.263283, 39
1667098498.276329, 41
1667098498.289651, 40
1667098498.302508, 41
1667098498.315270, 40
1667098498.328057, 41
1667098498.340882, 40
1667098498.354643, 42
1667098498.367529, 41
1667098498.380339, 42
1667098498.394158, 43
1667098498.408515, 43
1667098498.422880, 42
1667098498.436942, 43
1667098498.450071, 42
1667098498.463194, 42
1667098498.476446, 41
1667098498.489383, 42
1667098498.502277, 41
1667098498.514999, 41
1667098498.527930, 42
1667098498.540652, 41
1667098498.553586, 42
1667098498.566919, 43
1667098498.579807, 43
1667098498.592602, 43
1667098498.605419, 43
1667098498.618451, 42
1667098498.632111, 43
1667098498.646103, 43
1667098498.660066, 43
1667098498.674459, 43
1667098498.688438, 43
1667098498.702416, 42
1667098498.715756, 42
1667098498.728856, 43
1667098498.742102, 43
1667098498.755219, 42
1667098498.768026, 43
1667098498.781058, 44
1667098498.793955, 43
1667098498.806922, 44
1667098498.820035, 44
1667098498.832746, 43
1667098498.845601, 44
1667098498.858487, 44
1667098498.871368, 45
1667098498.884674, 43
1667098498.897637, 44
1667098498.910475, 43
1667098498.923273, 44
1667098498.936244, 44
1667098498.949105, 44
1667098498.962544, 43
1667098498.976296, 44
1667098498.990159, 43
1667098499.004190, 45
1667098499.017723, 45
1667098499.031925, 45
1667098499.045963, 45
1667098499.060304, 45
1667098499.074527, 45
1667098499.087727, 44
1667098499.100825, 45
1667098499.113820, 45
1667098499.127023, 44
1667098499.139930, 44
1667098499.152811, 45
1667098499.165819, 45
1667098499.179003, 44
1667098499.191884, 44
1667098499.204615, 44
1667098499.217475, 45
1667098499.230454, 46
1667098499.243245, 46
1667098499.256112, 45
1667098499.269565, 46
1667098499.283197, 46
1667098499.297064, 46
1667098499.310308, 46
1667098499.323343, 46
1667098499.336466, 45
1667098499.349654, 45
1667098499.362714, 46
1667098499.375523, 45
1667098499.388298, 46
1667098499.401255, 45
1667098499.414288, 46
1667098499.427130, 46
1667098499.439858, 45
1667098499.452646, 47
1667098499.465468, 46
1667098499.478331, 47
1667098499.491090, 47
1667098499.503809, 46
1667098499.516928, 47
1667098499.530616, 46
1667098499.544221, 47
1667098499.557805, 45
1667098499.571198, 46
1667098499.585029, 46
1667098499.598722, 47
1667098499.612439, 47
1667098499.626164, 46
1667098499.639631, 47
1667098499.653213, 47
1667098499.666818, 47
1667098499.680468, 48
1667098499.693297, 48
1667098499.707549, 48
1667098499.721696, 48
1667098499.736098, 48
1667098499.750858, 48
1667098499.764209, 47
1667098499.777254, 49
1667098499.790595, 46
1667098499.803569, 47
1667098499.816457, 47
1667098499.829484, 46
1667098499.842425, 47
1667098499.855552, 48
1667098499.868529, 47
1667098499.881343, 48
1667098499.894192, 47
1667098499.907002, 49
1667098499.919901, 49
1667098499.932784, 48
1667098499.945640, 48
1667098499.959373, 48
1667098499.973543, 48
1667098499.987769, 49
1667098500.001062, 49
1667098500.014822, 48
1667098500.027972, 48
1667098500.041008, 48
1667098500.055143, 48
1667098500.068404, 48
1667098500.081411, 48
1667098500.094221, 48
1667098500.107076, 48
1667098500.120343, 48
1667098500.133428, 49
1667098500.146310, 50
1667098500.159154, 50
1667098500.171858, 49
1667098500.185044, 50
1667098500.197963, 50
1667098500.211433, 50
1667098500.224559, 49
1667098500.237743, 49
1667098500.250494, 50
1667098500.263391, 49
1667098500.276290, 48
1667098500.289286, 48
1667098500.302412, 47
1667098500.315316, 49
1667098500.328350, 48
1667098500.341222, 47
1667098500.353987, 48
1667098500.366945, 48
1667098500.379690, 48
1667098500.392606, 49
1667098500.406410, 49
1667098500.420958, 48
1667098500.434751, 48
1667098500.448762, 48
1667098500.462842, 48
1667098500.475999, 44
1667098500.488991, 38
1667098500.501930, 32
1667098500.514886, 27
1667098500.527704, 21
1667098500.540471, 20
1667098500.553255, 21
1667098500.566079, 22
1667098500.579010, 22
1667098500.591889, 21
1667098500.604847, 23
1667098500.617619, 23
1667098500.630551, 23
1667098500.643382, 23
1667098500.656325, 23
1667098500.669193, 22
1667098500.681939, 22
1667098500.694715, 23
1667098500.707616, 23
1667098500.721346, 23
1667098500.735462, 23
1667098500.748525, 23
1667098500.761694, 23
1667098500.775065, 24
1667098500.788046, 23
1667098500.800925, 24
1667098500.814137, 25
1667098500.827037, 23
1667098500.840071, 23
1667098500.852903, 24
1667098500.866109, 24
1667098500.878864, 23
1667098500.891853, 24
1667098500.904631, 23
1667098500.917489, 24
1667098500.930493, 24
1667098500.943305, 24
1667098500.956143, 25
1667098500.969913, 26
1667098500.982986, 26
1667098500.996590, 26
1667098501.010601, 25
1667098501.024852, 25
1667098501.038215, 26
1667098501.051265, 25
1667098501.064457, 25
1667098501.077743, 24
1667098501.090700, 25
1667098501.103647, 24
1667098501.116624, 26
1667098501.129792, 26
1667098501.142606, 27
1667098501.155406, 26
1667098501.168265, 27
1667098501.181315, 27
1667098501.194326, 27
1667098501.207314, 26
1667098501.220134, 26
1667098501.233355, 26
1667098501.246089, 27
1667098501.258870, 27
1667098501.271902, 27
1667098501.285328, 27
1667098501.298603, 27
1667098501.311963, 27
1667098501.325462, 28
1667098501.338595, 28
1667098501.352496, 29
1667098501.366382, 28
1667098501.380338, 27
1667098501.394316, 27
1667098501.407400, 27
1667098501.420457, 27
1667098501.433346, 28
1667098501.446372, 28
1667098501.459169, 27
1667098501.471979, 28
1667098501.484764, 26
1667098501.497832, 29
1667098501.510808, 30
1667098501.524997, 29
1667098501.538848, 29
1667098501.552880, 28
1667098501.566815, 29
1667098501.580909, 28
1667098501.594926, 29
1667098501.607964, 28
1667098501.621141, 29
1667098501.634380, 28
1667098501.647258, 28
1667098501.660253, 28
1667098501.673336, 30
1667098501.686351, 31
1667098501.699121, 30
1667098501.712159, 30
1667098501.724988, 29
1667098501.737903, 31
1667098501.750785, 29
1667098501.763843, 30
1667098501.776922, 29
1667098501.789771, 30
1667098501.802808, 29
1667098501.815733, 30
1667098501.828467, 29
1667098501.841814, 30
1667098501.855092, 31
1667098501.868966, 30
1667098501.881844, 30
1667098501.896122, 32
1667098501.909961, 31
1667098501.924021, 31
1667098501.937382, 31
1667098501.950429, 31
1667098501.963757, 30
1667098501.977473, 31
1667098501.991233, 31
1667098502.004975, 30
1667098502.020447, 31
1667098502.033722, 31
1667098502.047212, 30
1667098502.060293, 33
1667098502.073159, 32
1667098502.086050, 32
1667098502.098885, 32
1667098502.111817, 33
1667098502.125099, 32
1667098502.138814, 32
1667098502.152774, 32
1667098502.167657, 32
1667098502.181422, 31
1667098502.194962, 32
1667098502.208714, 33
1667098502.222077, 33
1667098502.235959, 32
1667098502.249724, 33
1667098502.262735, 34
1667098502.276604, 33
1667098502.290518, 33
1667098502.303758, 34
1667098502.317221, 33
1667098502.330336, 33
1667098502.343386, 33
1667098502.356742, 33
1667098502.369738, 32
1667098502.382563, 33
1667098502.395370, 34
1667098502.408479, 33
1667098502.421832, 32
1667098502.434974, 33
1667098502.448054, 34
1667098502.461577, 33
1667098502.474475, 34
1667098502.487554, 35
1667098502.500310, 34
1667098502.513235, 34
1667098502.526370, 34
1667098502.540507, 33
1667098502.555728, 33
1667098502.570007, 33
1667098502.584333, 35
1667098502.598333, 34
1667098502.612340, 35
1667098502.626757, 34
1667098502.640960, 35
1667098502.654187, 35
1667098502.667234, 36
1667098502.680389, 35
1667098502.693982, 35
1667098502.707061, 36
1667098502.720277, 36
1667098502.733340, 34
1667098502.746451, 34
1667098502.759505, 35
1667098502.772683, 35
1667098502.785490, 35
1667098502.798539, 34
1667098502.811651, 36
1667098502.824570, 36
1667098502.837408, 35
1667098502.850588, 36
1667098502.863535, 37
1667098502.876526, 37
1667098502.889277, 37
1667098502.902193, 36
1667098502.915056, 37
1667098502.927874, 37
1667098502.940580, 36
1667098502.953634, 35
1667098502.967170, 36
1667098502.980445, 36
1667098502.993821, 35
1667098503.007558, 36
1667098503.020756, 37
1667098503.034713, 36
1667098503.048512, 38
1667098503.061529, 37
1667098503.075739, 38
1667098503.089691, 38
1667098503.103818, 37
1667098503.118305, 37
1667098503.132685, 38
1667098503.146937, 36
1667098503.160115, 36
1667098503.173270, 36
1667098503.186545, 38
1667098503.199797, 38
1667098503.212709, 38
1667098503.228213, 37
1667098503.241774, 37
1667098503.254789, 39
1667098503.267801, 39
1667098503.280766, 38
1667098503.294005, 38
1667098503.306841, 39
1667098503.319733, 39
1667098503.332710, 38
1667098503.345954, 38
1667098503.358804, 37
1667098503.371717, 38
1667098503.384445, 37
1667098503.397230, 39
1667098503.410029, 38
1667098503.423032, 39
1667098503.436534, 39
1667098503.450034, 39
1667098503.463735, 40
1667098503.476618, 40
1667098503.490875, 39
1667098503.505124, 39
1667098503.519780, 40
1667098503.533222, 40
1667098503.546475, 40
1667098503.559503, 39
1667098503.572590, 39
1667098503.585472, 39
1667098503.598377, 40
1667098503.611239, 38
1667098503.624065, 40
1667098503.637135, 40
1667098503.650141, 39
1667098503.663045, 40
1667098503.675763, 40
1667098503.688562, 41
1667098503.701504, 40
1667098503.715461, 41
1667098503.729374, 41
1667098503.746233, 41
1667098503.760424, 40
1667098503.774188, 39
1667098503.787806, 40
1667098503.801467, 40
1667098503.815076, 39
1667098503.828530, 40
1667098503.842486, 41
1667098503.855851, 41
1667098503.869399, 40
1667098503.883229, 41
1667098503.897582, 42
1667098503.911906, 42
1667098503.925275, 41
1667098503.939233, 42
1667098503.953186, 42
1667098503.966959, 42
1667098503.980025, 42
1667098503.993019, 41
1667098504.006488, 41
1667098504.019493, 41
1667098504.032402, 41
1667098504.045137, 41
1667098504.058404, 42
1667098504.071364, 41
1667098504.084347, 42
1667098504.097135, 41
1667098504.110006, 43
1667098504.122848, 43
1667098504.135883, 43
1667098504.148588, 43
1667098504.161382, 42
1667098504.174087, 43
1667098504.187009, 43
1667098504.200653, 42
1667098504.214451, 41
1667098504.229014, 42
1667098504.244618, 42
1667098504.259225, 42
1667098504.274542, 43
1667098504.288530, 43
1667098504.301787, 42
1667098504.314906, 42
1667098504.328188, 44
1667098504.341278, 44
1667098504.354447, 44
1667098504.367206, 44
1667098504.379967, 44
1667098504.392751, 44
1667098504.405957, 44
1667098504.418743, 45
1667098504.431522, 43
1667098504.444335, 43
1667098504.457149, 43
1667098504.469938, 42
1667098504.482819, 43
1667098504.496457, 43
1667098504.510287, 44
1667098504.524187, 44
1667098504.538556, 43
1667098504.553508, 45
1667098504.566420, 45
1667098504.579217, 44
1667098504.592027, 45
1667098504.613135, 45
1667098504.626135, 45
1667098504.638910, 46
1667098504.652093, 43
1667098504.664950, 44
1667098504.678063, 44
1667098504.690879, 44
1667098504.703753, 44
1667098504.716489, 43
1667098504.729355, 44
1667098504.742147, 43
1667098504.755459, 45
1667098504.769762, 45
1667098504.783553, 46
1667098504.797573, 45
1667098504.811104, 46
1667098504.824423, 46
1667098504.837549, 45
1667098504.850416, 46
1667098504.863213, 45
1667098504.876294, 45
1667098504.889362, 44
1667098504.902512, 45
1667098504.915410, 45
1667098504.928361, 45
1667098504.941416, 44
1667098504.954506, 45
1667098504.967355, 45
1667098504.980296, 45
1667098504.993209, 46
1667098505.006013, 46
1667098505.018908, 46
1667098505.031857, 47
1667098505.045741, 47
1667098505.059984, 46
1667098505.073071, 47
1667098505.086098, 47
1667098505.099120, 47
1667098505.112094, 45
1667098505.125217, 47
1667098505.138102, 45
1667098505.150850, 46
1667098505.163812, 46
1667098505.176933, 46
1667098505.189913, 46
1667098505.202845, 45
1667098505.215740, 46
1667098505.228783, 46
1667098505.241636, 48
1667098505.254472, 47
1667098505.267384, 48
1667098505.281253, 48
1667098505.295249, 47
1667098505.308677, 47
1667098505.321787, 48
1667098505.334975, 47
1667098505.348281, 47
1667098505.361189, 46
1667098505.374134, 47
1667098505.387098, 47
1667098505.400086, 48
1667098505.413308, 47
1667098505.426408, 47
1667098505.439479, 46
1667098505.452394, 49
1667098505.465264, 47
1667098505.478145, 48
1667098505.490877, 49
1667098505.503655, 48
1667098505.517024, 48
1667098505.530356, 49
1667098505.543958, 49
1667098505.557483, 49
1667098505.571074, 48
1667098505.584725, 48
1667098505.598522, 48
1667098505.611938, 47
1667098505.625679, 48
1667098505.639033, 48
1667098505.652758, 48
1667098505.666782, 48
1667098505.680510, 49
1667098505.694418, 49
1667098505.707772, 49
1667098505.720944, 49
1667098505.733951, 49
1667098505.747007, 49
1667098505.759751, 49
1667098505.772575, 50
1667098505.785431, 49
1667098505.798336, 49
1667098505.811324, 49
1667098505.824351, 49
1667098505.837117, 48
1667098505.850084, 49
1667098505.863098, 49
1667098505.875868, 48
1667098505.888674, 50
1667098505.901461, 48
1667098505.914120, 49
1667098505.927057, 49
1667098505.940948, 49
1667098505.954977, 49
1667098505.969171, 48
1667098505.983872, 49
1667098505.997118, 50
1667098506.010587, 50
1667098506.023860, 50
1667098506.037204, 49
1667098506.050268, 49
1667098506.063359, 49
1667098506.076201, 48
1667098506.088995, 48
1667098506.101907, 49
1667098506.114722, 48
1667098506.127501, 49
1667098506.140330, 48
1667098506.153354, 49
1667098506.166270, 49
1667098506.179110, 49
1667098506.192025, 43
1667098506.205687, 37
1667098506.219420, 32
1667098506.233521, 26
1667098506.247685, 21
1667098506.260741, 21
1667098506.273869, 22
1667098506.286999, 22
1667098506.299885, 21
1667098506.312938, 22
1667098506.325939, 22
1667098506.338963, 23
1667098506.352090, 23
1667098506.365045, 24
1667098506.378119, 23
1667098506.390924, 22
1667098506.403819, 23
1667098506.416823, 23
1667098506.429852, 22
1667098506.442686, 23
1667098506.455531, 23
1667098506.468292, 23
1667098506.481228, 24
1667098506.494148, 24
1667098506.508489, 24
1667098506.522228, 25
1667098506.535119, 25
1667098506.548848, 25
1667098506.563086, 25
1667098506.576207, 24
1667098506.589575, 24
1667098506.602696, 24
1667098506.615721, 25
1667098506.628791, 25
1667098506.641864, 24
1667098506.654698, 24
1667098506.667681, 25
1667098506.680661, 25
1667098506.693745, 25
1667098506.706589, 27
1667098506.719377, 25
1667098506.732224, 26
1667098506.745030, 26
1667098506.757918, 25
1667098506.770787, 25
1667098506.783530, 25
1667098506.796218, 26
1667098506.809099, 26
1667098506.822667, 25
1667098506.836177, 26
1667098506.849925, 27
1667098506.863531, 26
1667098506.877273, 28
1667098506.890161, 27
1667098506.904433, 27
1667098506.918598, 27
1667098506.932894, 28
1667098506.946109, 27
1667098506.959229, 26
1667098506.972320, 27
1667098506.985524, 26
1667098506.999056, 26
1667098507.012056, 27
1667098507.024993, 28
1667098507.038160, 27
1667098507.050912, 26
1667098507.063728, 28
1667098507.076569, 29
1667098507.089370, 28
1667098507.102426, 29
1667098507.115267, 28
1667098507.128133, 28
1667098507.140900, 27
1667098507.154397, 26
1667098507.168464, 28
1667098507.182192, 29
1667098507.195965, 28
1667098507.209352, 28
1667098507.223188, 28
1667098507.236284, 30
1667098507.249346, 30
1667098507.262080, 29
1667098507.274810, 29
1667098507.287586, 30
1667098507.300861, 29
1667098507.313739, 29
1667098507.326566, 29
1667098507.339649, 29
1667098507.352604, 30
1667098507.365357, 29
1667098507.378151, 29
1667098507.390918, 29
1667098507.403897, 29
1667098507.417703, 29
1667098507.431643, 31
1667098507.444478, 31
1667098507.458482, 30
1667098507.472045, 30
1667098507.486334, 30
1667098507.500468, 29
1667098507.513568, 30
1667098507.526653, 30
1667098507.539727, 30
1667098507.553441, 30
1667098507.566422, 30
1667098507.579254, 30
1667098507.591975, 31
1667098507.605053, 31
1667098507.617985, 32
1667098507.630758, 31
1667098507.643567, 31
1667098507.656339, 31
1667098507.669097, 33
1667098507.682045, 32
1667098507.694976, 31
1667098507.708527, 31
1667098507.722028, 32
1667098507.735927, 31
1667098507.749640, 31
1667098507.763610, 32
1667098507.776737, 31
1667098507.790208, 32
1667098507.803817, 31
1667098507.818209, 32
1667098507.832022, 33
1667098507.845396, 33
1667098507.858731, 34
1667098507.871833, 33
1667098507.885075, 33
1667098507.898353, 32
1667098507.911151, 33
1667098507.923875, 31
1667098507.936808, 33
1667098507.950064, 32
1667098507.962970, 33
1667098507.975676, 32
1667098507.988478, 33
1667098508.001489, 33
1667098508.014664, 33
1667098508.027560, 33
1667098508.040328, 33
1667098508.053098, 34
1667098508.065948, 34
1667098508.079338, 34
1667098508.093712, 33
1667098508.106891, 34
1667098508.119937, 34
1667098508.133439, 34
1667098508.146710, 34
1667098508.160076, 33
1667098508.173886, 34
1667098508.187292, 33
1667098508.200822, 34
1667098508.214845, 35
1667098508.229656, 36
1667098508.242603, 35
1667098508.256381, 35
1667098508.270909, 36
1667098508.284865, 34
1667098508.299006, 33
1667098508.312142, 34
1667098508.325293, 35
1667098508.338374, 35
1667098508.351299, 35
1667098508.364425, 34
1667098508.377266, 35
1667098508.390115, 35
1667098508.403117, 35
1667098508.416146, 36
1667098508.428936, 36
1667098508.441781, 37
1667098508.454638, 36
1667098508.467519, 36
1667098508.480888, 36
1667098508.494077, 36
1667098508.507569, 36
1667098508.521376, 36
1667098508.535360, 35
1667098508.548783, 36
1667098508.562133, 35
1667098508.575153, 36
1667098508.588020, 36
1667098508.600799, 36
1667098508.613777, 36
1667098508.626915, 37
1667098508.639674, 37
1667098508.652421, 38
1667098508.665551, 38
1667098508.678534, 37
1667098508.691411, 37
1667098508.704254, 37
1667098508.717070, 37
1667098508.729877, 36
1667098508.743543, 37
1667098508.757433, 37
1667098508.770749, 37
1667098508.784190, 36
1667098508.797742, 36
1667098508.811411, 38
1667098508.824402, 37
1667098508.838325, 38
1667098508.852336, 39
1667098508.866713, 39
1667098508.879935, 39
1667098508.893039, 38
1667098508.906282, 38
1667098508.919128, 38
1667098508.931956, 38
1667098508.944818, 37
1667098508.957616, 38
1667098508.970574, 38
1667098508.983329, 38
1667098508.996110, 38
1667098509.008898, 37
1667098509.021935, 38
1667098509.034933, 40
1667098509.047909, 39
1667098509.060779, 40
1667098509.073686, 39
1667098509.086512, 39
1667098509.099323, 39
1667098509.112485, 37
1667098509.126157, 39
1667098509.139984, 38
1667098509.153372, 39
1667098509.166710, 38
1667098509.180752, 39
1667098509.194356, 39
1667098509.207776, 39
1667098509.221387, 38
1667098509.235768, 40
1667098509.250380, 40
1667098509.264463, 41
1667098509.278509, 40
1667098509.292651, 41
1667098509.305994, 40
1667098509.319037, 40
1667098509.332011, 39
1667098509.344888, 39
1667098509.357640, 40
1667098509.370553, 41
1667098509.383379, 41
1667098509.396197, 41
1667098509.409309, 41
1667098509.422532, 40
1667098509.435401, 40
1667098509.448151, 41
1667098509.461014, 42
1667098509.473815, 41
1667098509.487523, 42
1667098509.500382, 42
1667098509.513538, 42
1667098509.526494, 41
1667098509.539411, 41
1667098509.552170, 40
1667098509.565478, 41
1667098509.578395, 41
1667098509.591163, 40
1667098509.603968, 42
1667098509.616711, 41
1667098509.629691, 41
1667098509.643125, 41
1667098509.656295, 41
1667098509.669782, 41
1667098509.683570, 42
1667098509.696702, 43
1667098509.710216, 43
1667098509.723220, 43
1667098509.736298, 43
1667098509.749292, 42
1667098509.762115, 42
1667098509.775278, 41
1667098509.788271, 42
1667098509.801442, 42
1667098509.814300, 42
1667098509.827348, 41
1667098509.840385, 42
1667098509.853329, 42
1667098509.866086, 42
1667098509.878863, 43
1667098509.891807, 43
1667098509.905654, 43
1667098509.919766, 42
1667098509.933572, 43
1667098509.947567, 44
1667098509.961685, 44
1667098509.974871, 42
1667098509.988174, 42
1667098510.001181, 43
1667098510.014008, 43
1667098510.027104, 42
1667098510.040055, 43
1667098510.053047, 43
1667098510.066047, 43
1667098510.079035, 43
1667098510.092772, 44
1667098510.105957, 44
1667098510.119085, 43
1667098510.131886, 44
1667098510.144887, 44
1667098510.158106, 45
1667098510.171213, 44
1667098510.184105, 45
1667098510.196945, 43
1667098510.209704, 44
1667098510.222425, 44
1667098510.235841, 44
1667098510.249372, 43
1667098510.262975, 44
1667098510.276611, 44
1667098510.290339, 44
1667098510.303689, 44
1667098510.317626, 44
1667098510.330621, 45
1667098510.343510, 45
1667098510.356652, 44
1667098510.369714, 45
1667098510.382418, 45
1667098510.395297, 46
1667098510.408304, 45
1667098510.421343, 45
1667098510.434303, 44
1667098510.447312, 45
1667098510.460383, 45
1667098510.473482, 44
1667098510.486553, 44
1667098510.499378, 45
1667098510.512223, 45
1667098510.525273, 45
1667098510.538390, 46
1667098510.551184, 46
1667098510.564128, 46
1667098510.576925, 46
1667098510.589720, 46
1667098510.603163, 46
1667098510.616796, 46
1667098510.630887, 47
1667098510.644970, 46
1667098510.658595, 45
1667098510.672359, 46
1667098510.686060, 46
1667098510.699679, 46
1667098510.713216, 46
1667098510.730246, 45
1667098510.746388, 45
1667098510.759877, 47
1667098510.773629, 46
1667098510.786380, 47
1667098510.799238, 47
1667098510.812136, 47
1667098510.825244, 47
1667098510.838062, 47
1667098510.850919, 47
1667098510.863669, 46
1667098510.876446, 46
1667098510.889195, 47
1667098510.901941, 47
1667098510.915312, 46
1667098510.928721, 47
1667098510.942443, 47
1667098510.955854, 46
1667098510.969507, 46
1667098510.982742, 47
1667098510.997951, 47
1667098511.011543, 48
1667098511.025696, 48
1667098511.039023, 48
1667098511.052225, 48
1667098511.065481, 48
1667098511.079034, 48
1667098511.092148, 48
1667098511.105427, 46
1667098511.118383, 48
1667098511.131238, 47
1667098511.144367, 48
1667098511.157363, 47
1667098511.173202, 48
1667098511.187094, 48
1667098511.200045, 47
1667098511.212953, 48
1667098511.225799, 49
1667098511.239017, 48
1667098511.252043, 49
1667098511.266000, 49
1667098511.280056, 50
1667098511.293289, 49
1667098511.306734, 49
1667098511.319824, 49
1667098511.333030, 48
1667098511.345969, 48
1667098511.359132, 48
1667098511.372129, 48
1667098511.385183, 48
1667098511.397934, 49
1667098511.411084, 49
1667098511.424081, 49
1667098511.437299, 48
1667098511.450380, 49
1667098511.463224, 48
1667098511.476075, 50
1667098511.488929, 50
1667098511.501866, 49
1667098511.514673, 50
1667098511.527450, 50
1667098511.540302, 50
1667098511.553772, 50
1667098511.567197, 48
1667098511.580861, 48
1667098511.594755, 48
1667098511.608497, 49
1667098511.622143, 48
1667098511.635580, 48
1667098511.649738, 47
1667098511.663241, 49
1667098511.676841, 49
1667098511.689723, 50
1667098511.704050, 50
1667098511.718382, 48
1667098511.732282, 49
1667098511.746273, 49
1667098511.760361, 49
1667098511.773599, 49
1667098511.786462, 48
1667098511.799354, 48
1667098511.812117, 40
1667098511.825199, 35
1667098511.837981, 31
1667098511.850827, 25
1667098511.863761, 21
1667098511.876650, 21
1667098511.889604, 22
1667098511.902382, 22
1667098511.915261, 22
1667098511.928103, 23
1667098511.940970, 24
1667098511.953718, 22
1667098511.966514, 24
1667098511.979257, 23
1667098511.992409, 22
1667098512.005481, 22
1667098512.019338, 22
1667098512.033321, 23
1667098512.046704, 23
1667098512.059834, 23
1667098512.072794, 23
1667098512.085674, 24
1667098512.098854, 25
1667098512.111729, 24
1667098512.124458, 24
1667098512.137308, 24
1667098512.150094, 24
1667098512.163070, 24
1667098512.175924, 24
1667098512.189045, 24
1667098512.202393, 23
1667098512.216058, 24
1667098512.229482, 25
1667098512.243101, 25
1667098512.256687, 24
1667098512.27081